#num_of_iter: 100
#num_of_exper: 1
#rows: 50
#cols: 50
#p_init_C: 0.5
#p_state_mut: 0.0
#p_strat_mut: 0.0
#p_0_neighb: 0.3
#p_1_neighb: 0.1
#comp_type: tournament
#sharing: False
#allC: 0.2
#allD: 0.2
#kD: 0.2
#kC: 0.2
#kDC: 0.2
#k_values: 0 to 8
#synchronity_prob: 1.0
#optimal_num_of_1s: 676
#playerC_opponentD_payoff: 0.0
#playerC_opponentC_payoff: 1.0
#playerD_opponentD_payoff: 0.1
#playerD_opponentC_payoff: 1.2
#debug:  False


#Experiment: 0

#seed: 3315125470139624379
iter      f_0D          f_1D          f_2D          f_3D          f_4D          f_5D          f_6D          f_7D          f_8D          f_0C          f_1C          f_2C          f_3C          f_4C          f_5C          f_6C          f_7C          f_8C          f_0DC          f_1DC          f_2DC          f_3DC          f_4DC          f_5DC          f_6DC          f_7DC          f_8DC          
0         0.1322        0.1245        0.1015        0.1207        0.0939        0.0920        0.1130        0.1207        0.1015        0.1044        0.0863        0.1185        0.1486        0.0984        0.1145        0.1024        0.1165        0.1104        0.1302         0.1116         0.1012         0.1054         0.0847         0.1364         0.1074         0.1012         0.1219         
1         0.1387        0.1094        0.0918        0.1211        0.1035        0.0840        0.1152        0.1348        0.1016        0.0996        0.0956        0.1315        0.1394        0.0956        0.1096        0.1016        0.1076        0.1195        0.1180         0.1118         0.1014         0.1014         0.0911         0.1304         0.1180         0.1056         0.1222         
2         0.1618        0.1092        0.1008        0.1113        0.0987        0.0777        0.1113        0.1303        0.0987        0.0869        0.1120        0.1409        0.1776        0.0753        0.1139        0.0830        0.0965        0.1139        0.0977         0.0977         0.1074         0.1035         0.0859         0.1543         0.1230         0.1172         0.1133         
3         0.1621        0.1186        0.0870        0.1107        0.1443        0.0850        0.0929        0.1146        0.0850        0.0920        0.1104        0.1534        0.1779        0.0675        0.1104        0.0818        0.0961        0.1104        0.0960         0.0880         0.0980         0.0980         0.0860         0.1600         0.1560         0.1000         0.1180         
4         0.1479        0.1518        0.0992        0.1128        0.1304        0.0817        0.0895        0.1148        0.0720        0.0911        0.1089        0.1622        0.1889        0.0711        0.0933        0.0778        0.0978        0.1089        0.1118         0.0911         0.0890         0.0890         0.0849         0.1449         0.1636         0.1035         0.1222         
5         0.1606        0.1546        0.0843        0.1345        0.1265        0.0743        0.0843        0.1124        0.0683        0.0806        0.1002        0.1830        0.2157        0.0675        0.0850        0.0654        0.0828        0.1198        0.1009         0.0874         0.0785         0.1009         0.0852         0.1300         0.1614         0.1076         0.1480         
6         0.1867        0.1386        0.0924        0.1386        0.1305        0.0683        0.0683        0.1084        0.0683        0.0858        0.0956        0.1789        0.2059        0.0637        0.0907        0.0784        0.0809        0.1201        0.0901         0.0901         0.0681         0.0923         0.0879         0.1143         0.1560         0.1011         0.2000         
7         0.2202        0.1399        0.0823        0.1255        0.1420        0.0782        0.0556        0.0988        0.0576        0.1003        0.1082        0.2269        0.1689        0.0607        0.0844        0.0712        0.0792        0.1003        0.0776         0.0868         0.0594         0.0936         0.0799         0.1142         0.1621         0.1142         0.2123         
8         0.2197        0.1130        0.0690        0.1464        0.1715        0.0921        0.0523        0.0816        0.0544        0.0938        0.0938        0.2669        0.1525        0.0645        0.0821        0.0704        0.0821        0.0938        0.0647         0.0743         0.0552         0.0911         0.0791         0.1151         0.1655         0.1055         0.2494         
9         0.2061        0.1204        0.0857        0.1551        0.1898        0.0980        0.0429        0.0592        0.0429        0.0909        0.1061        0.2879        0.1288        0.0682        0.0947        0.0644        0.0644        0.0947        0.0533         0.0581         0.0436         0.0847         0.0605         0.1162         0.1889         0.1259         0.2688         
10        0.2328        0.1415        0.0819        0.1788        0.1806        0.0670        0.0335        0.0484        0.0354        0.1310        0.1135        0.2838        0.0917        0.0655        0.0917        0.0786        0.0480        0.0961        0.0565         0.0591         0.0403         0.1022         0.0538         0.1102         0.1720         0.1344         0.2715         
11        0.2559        0.1532        0.0757        0.1820        0.1676        0.0667        0.0252        0.0486        0.0252        0.1244        0.1100        0.3445        0.0957        0.0526        0.0622        0.0718        0.0431        0.0957        0.0450         0.0265         0.0317         0.0899         0.0450         0.1349         0.2037         0.1349         0.2884         
12        0.2616        0.1272        0.0986        0.1864        0.1846        0.0627        0.0215        0.0394        0.0179        0.1893        0.1183        0.2959        0.0769        0.0473        0.0414        0.0828        0.0473        0.1006        0.0392         0.0420         0.0280         0.0728         0.0588         0.1232         0.2185         0.1036         0.3137         
13        0.2739        0.1413        0.0936        0.2032        0.1696        0.0601        0.0194        0.0283        0.0106        0.1576        0.1273        0.3576        0.0485        0.0485        0.0424        0.0848        0.0485        0.0848        0.0256         0.0385         0.0256         0.0897         0.0385         0.1154         0.2500         0.1122         0.3045         
14        0.2588        0.1434        0.1210        0.1918        0.1564        0.0652        0.0205        0.0223        0.0205        0.1194        0.1343        0.3433        0.0597        0.0597        0.0448        0.0896        0.0522        0.0970        0.0173         0.0311         0.0415         0.0830         0.0657         0.0934         0.2941         0.1211         0.2526         
15        0.2419        0.1209        0.1733        0.1805        0.1480        0.0794        0.0217        0.0181        0.0162        0.0625        0.1979        0.3333        0.0729        0.0417        0.0625        0.0938        0.0417        0.0938        0.0149         0.0187         0.0373         0.0821         0.0522         0.0933         0.3172         0.1493         0.2351         
16        0.2680        0.1203        0.1581        0.2131        0.1392        0.0636        0.0172        0.0137        0.0069        0.0649        0.2078        0.2987        0.0519        0.0649        0.0519        0.1299        0.0260        0.1039        0.0080         0.0160         0.0280         0.0840         0.0640         0.0720         0.3320         0.1840         0.2120         
17        0.2948        0.1224        0.1414        0.2034        0.1431        0.0603        0.0190        0.0103        0.0052        0.0580        0.2029        0.3478        0.0290        0.0290        0.0580        0.1449        0.0290        0.1014        0.0077         0.0154         0.0193         0.0927         0.0618         0.1004         0.2780         0.2008         0.2239         
18        0.2500        0.1490        0.1267        0.2123        0.1627        0.0719        0.0171        0.0068        0.0034        0.0714        0.3571        0.1964        0.0000        0.0000        0.0714        0.1429        0.0357        0.1250        0.0084         0.0167         0.0209         0.0921         0.0837         0.0586         0.2803         0.2092         0.2301         
19        0.2214        0.1500        0.1429        0.2232        0.1607        0.0804        0.0125        0.0054        0.0036        0.0667        0.4167        0.1667        0.0000        0.0000        0.0500        0.1500        0.0333        0.1167        0.0085         0.0170         0.0213         0.0979         0.0766         0.0766         0.2085         0.2511         0.2426         
20        0.2345        0.1599        0.1368        0.2291        0.1599        0.0604        0.0107        0.0053        0.0036        0.0784        0.4510        0.1176        0.0000        0.0000        0.0588        0.1373        0.0196        0.1373        0.0088         0.0133         0.0221         0.0973         0.0929         0.0487         0.1991         0.2566         0.2611         
21        0.2105        0.1974        0.1410        0.2406        0.1316        0.0583        0.0094        0.0075        0.0038        0.0769        0.5192        0.0769        0.0000        0.0000        0.0577        0.1538        0.0000        0.1154        0.0049         0.0197         0.0246         0.1034         0.0837         0.0591         0.1478         0.3054         0.2512         
22        0.2611        0.2037        0.1333        0.2407        0.0963        0.0444        0.0093        0.0074        0.0037        0.0417        0.5625        0.1042        0.0000        0.0000        0.0417        0.1250        0.0000        0.1250        0.0052         0.0207         0.0207         0.0933         0.1036         0.0518         0.1554         0.3316         0.2176         
23        0.2262        0.1869        0.1477        0.2542        0.1402        0.0224        0.0112        0.0075        0.0037        0.0435        0.5652        0.0870        0.0000        0.0000        0.0435        0.1087        0.0000        0.1522        0.0107         0.0214         0.0214         0.1070         0.0588         0.0642         0.1337         0.3850         0.1979         
24        0.2195        0.1905        0.1304        0.2712        0.1553        0.0124        0.0124        0.0041        0.0041        0.0408        0.5102        0.1633        0.0000        0.0000        0.0408        0.1020        0.0000        0.1429        0.0112         0.0168         0.0223         0.0838         0.0726         0.0391         0.1341         0.4190         0.2011         
25        0.2261        0.2066        0.1248        0.2456        0.1637        0.0156        0.0117        0.0019        0.0039        0.0408        0.5510        0.1224        0.0000        0.0000        0.0408        0.1020        0.0000        0.1429        0.0054         0.0161         0.0215         0.1129         0.0269         0.0430         0.1398         0.4247         0.2097         
26        0.2406        0.2048        0.1272        0.2684        0.1193        0.0199        0.0119        0.0040        0.0040        0.0392        0.5490        0.1569        0.0000        0.0000        0.0392        0.0784        0.0000        0.1373        0.0102         0.0203         0.0203         0.0964         0.0254         0.0406         0.1523         0.4315         0.2030         
27        0.2242        0.1616        0.1576        0.2606        0.1455        0.0323        0.0101        0.0040        0.0040        0.0385        0.5385        0.1731        0.0000        0.0000        0.0385        0.0769        0.0000        0.1346        0.0096         0.0192         0.0192         0.0913         0.0144         0.0385         0.1442         0.3942         0.2692         
28        0.2148        0.1934        0.1406        0.2383        0.1660        0.0273        0.0117        0.0039        0.0039        0.0377        0.4717        0.2453        0.0000        0.0000        0.0189        0.0943        0.0000        0.1321        0.0104         0.0208         0.0208         0.0938         0.0052         0.0260         0.1458         0.4167         0.2604         
29        0.2589        0.1579        0.1242        0.2400        0.1726        0.0295        0.0105        0.0021        0.0042        0.0385        0.5577        0.1923        0.0000        0.0000        0.0385        0.0385        0.0000        0.1346        0.0000         0.0130         0.0174         0.0826         0.0043         0.0522         0.1304         0.4217         0.2783         
30        0.2358        0.1684        0.1305        0.2379        0.1789        0.0337        0.0084        0.0021        0.0042        0.0400        0.5800        0.1800        0.0000        0.0000        0.0000        0.0600        0.0000        0.1400        0.0000         0.0131         0.0175         0.0742         0.0044         0.0393         0.1223         0.4672         0.2620         
31        0.2336        0.1393        0.1475        0.2418        0.1967        0.0307        0.0041        0.0020        0.0041        0.0435        0.6522        0.1087        0.0000        0.0000        0.0000        0.0435        0.0000        0.1522        0.0000         0.0083         0.0167         0.0750         0.0042         0.0333         0.1167         0.4958         0.2500         
32        0.2027        0.1224        0.1453        0.2581        0.2084        0.0344        0.0229        0.0019        0.0038        0.0488        0.6341        0.1220        0.0000        0.0000        0.0000        0.0244        0.0000        0.1707        0.0000         0.0039         0.0155         0.0504         0.0039         0.0271         0.0930         0.5155         0.2907         
33        0.2348        0.1398        0.1416        0.2509        0.1828        0.0305        0.0143        0.0018        0.0036        0.0444        0.6889        0.1111        0.0000        0.0000        0.0000        0.0222        0.0000        0.1333        0.0000         0.0038         0.0150         0.0489         0.0038         0.0226         0.0940         0.5489         0.2632         
34        0.2272        0.1413        0.1789        0.2326        0.1664        0.0358        0.0125        0.0018        0.0036        0.0455        0.6591        0.1364        0.0000        0.0000        0.0000        0.0227        0.0000        0.1364        0.0000         0.0035         0.0138         0.0415         0.0035         0.0035         0.1003         0.5675         0.2664         
35        0.2455        0.1264        0.2040        0.2220        0.1336        0.0451        0.0181        0.0018        0.0036        0.0417        0.6875        0.1250        0.0000        0.0000        0.0000        0.0208        0.0000        0.1250        0.0000         0.0035         0.0140         0.0420         0.0035         0.0035         0.0944         0.5734         0.2657         
36        0.2095        0.1197        0.2025        0.2377        0.1549        0.0581        0.0123        0.0018        0.0035        0.0263        0.6053        0.1842        0.0000        0.0000        0.0000        0.0263        0.0000        0.1579        0.0000         0.0033         0.0133         0.0399         0.0033         0.0000         0.1096         0.5515         0.2791         
37        0.1752        0.1276        0.2419        0.2305        0.1543        0.0514        0.0133        0.0019        0.0038        0.0513        0.5641        0.2051        0.0000        0.0000        0.0000        0.0256        0.0000        0.1538        0.0000         0.0031         0.0125         0.0345         0.0031         0.0000         0.0690         0.5392         0.3386         
38        0.1481        0.1481        0.2596        0.2303        0.1389        0.0512        0.0183        0.0018        0.0037        0.0500        0.5500        0.2250        0.0000        0.0000        0.0000        0.0250        0.0000        0.1500        0.0000         0.0000         0.0125         0.0343         0.0031         0.0000         0.0872         0.5265         0.3364         
39        0.1184        0.1515        0.2816        0.2311        0.1340        0.0641        0.0117        0.0039        0.0039        0.0571        0.5714        0.2000        0.0000        0.0000        0.0000        0.0286        0.0000        0.1429        0.0000         0.0000         0.0119         0.0387         0.0030         0.0000         0.0714         0.5387         0.3363         
40        0.1205        0.1563        0.2787        0.2185        0.1525        0.0546        0.0132        0.0019        0.0038        0.0606        0.6061        0.1818        0.0000        0.0000        0.0000        0.0303        0.0000        0.1212        0.0000         0.0000         0.0112         0.0364         0.0028         0.0000         0.0616         0.5434         0.3445         
41        0.1260        0.1339        0.3130        0.2008        0.1634        0.0433        0.0138        0.0020        0.0039        0.0488        0.4634        0.3659        0.0000        0.0000        0.0000        0.0244        0.0000        0.0976        0.0000         0.0000         0.0113         0.0367         0.0028         0.0000         0.0508         0.5565         0.3418         
42        0.1540        0.0986        0.3039        0.2218        0.1643        0.0390        0.0123        0.0021        0.0041        0.0526        0.4474        0.3684        0.0000        0.0000        0.0000        0.0263        0.0000        0.1053        0.0000         0.0000         0.0107         0.0322         0.0027         0.0000         0.0509         0.5442         0.3592         
43        0.1725        0.0891        0.2868        0.2539        0.1492        0.0329        0.0097        0.0019        0.0039        0.0556        0.4444        0.3611        0.0000        0.0000        0.0000        0.0278        0.0000        0.1111        0.0000         0.0000         0.0100         0.0301         0.0025         0.0000         0.0501         0.5439         0.3634         
44        0.1779        0.0899        0.3240        0.2116        0.1554        0.0262        0.0094        0.0019        0.0037        0.0690        0.3793        0.3793        0.0000        0.0000        0.0000        0.0345        0.0000        0.1379        0.0000         0.0000         0.0094         0.0258         0.0023         0.0000         0.0492         0.5222         0.3911         
45        0.1818        0.0872        0.3469        0.1892        0.1558        0.0204        0.0130        0.0019        0.0037        0.0312        0.4375        0.3750        0.0000        0.0000        0.0000        0.0312        0.0000        0.1250        0.0000         0.0000         0.0099         0.0272         0.0025         0.0000         0.0444         0.5605         0.3556         
46        0.1739        0.0851        0.3768        0.1594        0.1649        0.0272        0.0072        0.0018        0.0036        0.0667        0.5000        0.2667        0.0000        0.0000        0.0000        0.0333        0.0000        0.1333        0.0000         0.0000         0.0095         0.0261         0.0024         0.0000         0.0355         0.5616         0.3649         
47        0.1686        0.0894        0.4013        0.1535        0.1501        0.0202        0.0118        0.0017        0.0034        0.0667        0.5333        0.2333        0.0000        0.0000        0.0000        0.0333        0.0000        0.1333        0.0000         0.0000         0.0095         0.0262         0.0024         0.0000         0.0357         0.5929         0.3333         
48        0.1373        0.1039        0.4243        0.1585        0.1373        0.0229        0.0106        0.0018        0.0035        0.0286        0.4571        0.3714        0.0000        0.0000        0.0000        0.0286        0.0000        0.1143        0.0000         0.0000         0.0094         0.0259         0.0024         0.0000         0.0376         0.5859         0.3388         
49        0.1584        0.1087        0.3941        0.1621        0.1381        0.0258        0.0074        0.0018        0.0037        0.0556        0.3889        0.4167        0.0000        0.0000        0.0000        0.0278        0.0000        0.1111        0.0000         0.0000         0.0094         0.0282         0.0023         0.0000         0.0329         0.5986         0.3286         
50        0.1734        0.0847        0.3972        0.1472        0.1532        0.0302        0.0081        0.0020        0.0040        0.0513        0.5128        0.3077        0.0000        0.0000        0.0000        0.0256        0.0000        0.1026        0.0000         0.0000         0.0094         0.0258         0.0023         0.0000         0.0398         0.6300         0.2927         
51        0.1590        0.0885        0.4024        0.1147        0.1751        0.0483        0.0060        0.0020        0.0040        0.0556        0.5556        0.2500        0.0000        0.0000        0.0000        0.0278        0.0000        0.1111        0.0000         0.0000         0.0090         0.0202         0.0022         0.0000         0.0381         0.5987         0.3318         
52        0.1709        0.0932        0.3961        0.0893        0.1883        0.0485        0.0078        0.0019        0.0039        0.0690        0.5172        0.2414        0.0000        0.0000        0.0000        0.0345        0.0000        0.1379        0.0000         0.0000         0.0081         0.0224         0.0020         0.0000         0.0407         0.5671         0.3598         
53        0.1920        0.0779        0.3442        0.0924        0.2192        0.0616        0.0072        0.0018        0.0036        0.0588        0.6176        0.1765        0.0000        0.0000        0.0000        0.0294        0.0000        0.1176        0.0000         0.0000         0.0084         0.0231         0.0021         0.0000         0.0420         0.5714         0.3529         
54        0.1796        0.1092        0.3486        0.0775        0.2095        0.0687        0.0018        0.0018        0.0035        0.0833        0.5833        0.1250        0.0000        0.0000        0.0000        0.0417        0.0000        0.1667        0.0000         0.0000         0.0080         0.0281         0.0020         0.0000         0.0341         0.5431         0.3848         
55        0.1837        0.1325        0.3640        0.0636        0.1820        0.0583        0.0106        0.0018        0.0035        0.0952        0.6667        0.0000        0.0000        0.0000        0.0000        0.0476        0.0000        0.1905        0.0000         0.0000         0.0080         0.0240         0.0020         0.0000         0.0299         0.5509         0.3852         
56        0.1768        0.1089        0.3625        0.0750        0.2000        0.0625        0.0089        0.0018        0.0036        0.0952        0.6667        0.0000        0.0000        0.0000        0.0000        0.0476        0.0000        0.1905        0.0000         0.0000         0.0080         0.0261         0.0020         0.0000         0.0361         0.5522         0.3755         
57        0.1652        0.1234        0.3539        0.0490        0.2341        0.0581        0.0109        0.0018        0.0036        0.0909        0.6818        0.0000        0.0000        0.0000        0.0000        0.0455        0.0000        0.1818        0.0000         0.0000         0.0082         0.0246         0.0020         0.0000         0.0369         0.5840         0.3443         
58        0.1738        0.1360        0.3287        0.0534        0.2289        0.0637        0.0103        0.0017        0.0034        0.1053        0.6316        0.0000        0.0000        0.0000        0.0000        0.0526        0.0000        0.2105        0.0000         0.0000         0.0080         0.0241         0.0020         0.0000         0.0341         0.6044         0.3273         
59        0.1658        0.1487        0.3094        0.0564        0.2376        0.0667        0.0103        0.0017        0.0034        0.0870        0.6957        0.0000        0.0000        0.0000        0.0000        0.0435        0.0000        0.1739        0.0000         0.0000         0.0083         0.0249         0.0021         0.0000         0.0333         0.6466         0.2848         
60        0.1718        0.1168        0.2818        0.0962        0.2457        0.0756        0.0069        0.0017        0.0034        0.0435        0.7391        0.0000        0.0000        0.0000        0.0000        0.0435        0.0000        0.1739        0.0000         0.0000         0.0082         0.0185         0.0021         0.0000         0.0247         0.6420         0.3045         
61        0.1823        0.0848        0.2690        0.0993        0.2690        0.0794        0.0108        0.0018        0.0036        0.0741        0.7407        0.0000        0.0000        0.0000        0.0000        0.0370        0.0000        0.1481        0.0000         0.0000         0.0079         0.0158         0.0020         0.0000         0.0296         0.6324         0.3123         
62        0.1953        0.0958        0.2731        0.0958        0.2260        0.0976        0.0108        0.0018        0.0036        0.0952        0.6667        0.0000        0.0000        0.0000        0.0000        0.0476        0.0000        0.1905        0.0000         0.0000         0.0077         0.0212         0.0019         0.0000         0.0174         0.6409         0.3108         
63        0.2068        0.0583        0.2744        0.0940        0.2462        0.1034        0.0113        0.0019        0.0038        0.0909        0.6818        0.0000        0.0000        0.0000        0.0000        0.0455        0.0000        0.1818        0.0000         0.0000         0.0081         0.0222         0.0020         0.0000         0.0242         0.6794         0.2641         
64        0.2131        0.0378        0.2849        0.1016        0.2470        0.1036        0.0060        0.0020        0.0040        0.1250        0.5625        0.0000        0.0000        0.0000        0.0000        0.0625        0.0000        0.2500        0.0000         0.0000         0.0077         0.0288         0.0019         0.0000         0.0269         0.6603         0.2745         
65        0.1940        0.0500        0.3200        0.0660        0.2640        0.0940        0.0060        0.0020        0.0040        0.0909        0.6818        0.0000        0.0000        0.0000        0.0000        0.0455        0.0000        0.1818        0.0000         0.0000         0.0077         0.0250         0.0019         0.0000         0.0327         0.6788         0.2538         
66        0.2027        0.0546        0.2963        0.0585        0.2632        0.1170        0.0019        0.0019        0.0039        0.1111        0.6111        0.0000        0.0000        0.0000        0.0000        0.0556        0.0000        0.2222        0.0000         0.0000         0.0075         0.0283         0.0019         0.0000         0.0226         0.6887         0.2509         
67        0.1892        0.0657        0.2530        0.0837        0.2709        0.1275        0.0040        0.0020        0.0040        0.0952        0.6667        0.0000        0.0000        0.0000        0.0000        0.0476        0.0000        0.1905        0.0000         0.0000         0.0074         0.0242         0.0019         0.0000         0.0317         0.6834         0.2514         
68        0.1781        0.0725        0.2381        0.0911        0.2899        0.1222        0.0021        0.0021        0.0041        0.1250        0.5625        0.0000        0.0000        0.0000        0.0000        0.0625        0.0000        0.2500        0.0000         0.0000         0.0072         0.0250         0.0018         0.0000         0.0268         0.6816         0.2576         
69        0.1778        0.0707        0.2364        0.1071        0.2808        0.1091        0.0121        0.0020        0.0040        0.0476        0.7143        0.0000        0.0000        0.0000        0.0000        0.0476        0.0000        0.1905        0.0000         0.0000         0.0071         0.0196         0.0018         0.0000         0.0267         0.6827         0.2620         
70        0.1976        0.0827        0.2157        0.0867        0.2802        0.1190        0.0121        0.0020        0.0040        0.1429        0.5000        0.0000        0.0000        0.0000        0.0000        0.0714        0.0000        0.2857        0.0000         0.0000         0.0069         0.0191         0.0017         0.0000         0.0191         0.7140         0.2392         
71        0.1747        0.0595        0.2246        0.1094        0.2745        0.1401        0.0115        0.0019        0.0038        0.1250        0.5625        0.0000        0.0000        0.0000        0.0000        0.0625        0.0000        0.2500        0.0000         0.0000         0.0069         0.0190         0.0017         0.0000         0.0345         0.7276         0.2103         
72        0.1891        0.0624        0.2378        0.0955        0.2554        0.1423        0.0117        0.0019        0.0039        0.1429        0.5000        0.0000        0.0000        0.0000        0.0000        0.0714        0.0000        0.2857        0.0000         0.0000         0.0068         0.0187         0.0017         0.0000         0.0323         0.7385         0.2020         
73        0.1850        0.0603        0.2432        0.0998        0.2412        0.1538        0.0104        0.0021        0.0042        0.0952        0.6667        0.0000        0.0000        0.0000        0.0000        0.0476        0.0000        0.1905        0.0000         0.0000         0.0067         0.0185         0.0017         0.0000         0.0438         0.7336         0.1956         
74        0.2042        0.0563        0.2500        0.0583        0.2604        0.1562        0.0083        0.0021        0.0042        0.1176        0.5882        0.0000        0.0000        0.0000        0.0000        0.0588        0.0000        0.2353        0.0000         0.0000         0.0067         0.0166         0.0017         0.0000         0.0349         0.7488         0.1913         
75        0.2262        0.0496        0.2123        0.0774        0.2976        0.1250        0.0060        0.0020        0.0040        0.1111        0.6111        0.0000        0.0000        0.0000        0.0000        0.0556        0.0000        0.2222        0.0000         0.0000         0.0063         0.0157         0.0016         0.0000         0.0377         0.7378         0.2009         
76        0.2334        0.0563        0.2314        0.0483        0.3219        0.0986        0.0040        0.0020        0.0040        0.1667        0.4167        0.0000        0.0000        0.0000        0.0000        0.0833        0.0000        0.3333        0.0000         0.0000         0.0062         0.0170         0.0015         0.0000         0.0355         0.7361         0.2037         
77        0.2637        0.0571        0.2088        0.0308        0.3582        0.0725        0.0022        0.0022        0.0044        0.1053        0.6316        0.0000        0.0000        0.0000        0.0000        0.0526        0.0000        0.2105        0.0000         0.0000         0.0062         0.0170         0.0015         0.0000         0.0464         0.7326         0.1963         
78        0.2703        0.0603        0.2245        0.0270        0.3805        0.0312        0.0000        0.0021        0.0042        0.1333        0.5333        0.0000        0.0000        0.0000        0.0000        0.0667        0.0000        0.2667        0.0000         0.0000         0.0063         0.0173         0.0016         0.0000         0.0487         0.7582         0.1680         
79        0.2860        0.0453        0.2572        0.0432        0.3519        0.0103        0.0000        0.0021        0.0041        0.1667        0.4167        0.0000        0.0000        0.0000        0.0000        0.0833        0.0000        0.3333        0.0000         0.0000         0.0060         0.0120         0.0015         0.0000         0.0527         0.7395         0.1883         
80        0.2915        0.0596        0.2362        0.0149        0.3787        0.0128        0.0000        0.0021        0.0043        0.1818        0.3636        0.0000        0.0000        0.0000        0.0000        0.0909        0.0000        0.3636        0.0000         0.0000         0.0059         0.0161         0.0015         0.0000         0.0484         0.7361         0.1921         
81        0.2455        0.0463        0.2777        0.0282        0.3843        0.0121        0.0000        0.0020        0.0040        0.1111        0.3333        0.0000        0.0000        0.0000        0.0000        0.1111        0.0000        0.4444        0.0000         0.0000         0.0057         0.0086         0.0014         0.0000         0.0546         0.7155         0.2141         
82        0.2476        0.0292        0.2807        0.0156        0.3996        0.0214        0.0000        0.0019        0.0039        0.2222        0.2222        0.0000        0.0000        0.0000        0.0000        0.1111        0.0000        0.4444        0.0000         0.0000         0.0060         0.0120         0.0015         0.0000         0.0480         0.7538         0.1787         
83        0.2489        0.0464        0.2954        0.0063        0.3671        0.0295        0.0000        0.0021        0.0042        0.5000        0.1429        0.0000        0.0000        0.0000        0.0000        0.0714        0.0000        0.2857        0.0000         0.0000         0.0060         0.0075         0.0015         0.0000         0.0627         0.7642         0.1582         
84        0.2805        0.0467        0.2846        0.0061        0.3211        0.0549        0.0000        0.0020        0.0041        0.4167        0.1667        0.0000        0.0000        0.0000        0.0000        0.0833        0.0000        0.3333        0.0000         0.0000         0.0059         0.0074         0.0015         0.0000         0.0415         0.7849         0.1588         
85        0.2669        0.0398        0.2689        0.0040        0.3606        0.0538        0.0000        0.0020        0.0040        0.5000        0.2222        0.0000        0.0000        0.0000        0.0000        0.0556        0.0000        0.2222        0.0000         0.0000         0.0029         0.0043         0.0014         0.0000         0.0579         0.7656         0.1679         
86        0.2972        0.0341        0.2831        0.0000        0.3153        0.0643        0.0000        0.0020        0.0040        0.5000        0.1875        0.0000        0.0000        0.0000        0.0000        0.0625        0.0000        0.2500        0.0000         0.0000         0.0058         0.0101         0.0014         0.0000         0.0535         0.7803         0.1488         
87        0.3100        0.0380        0.2380        0.0000        0.3620        0.0460        0.0000        0.0020        0.0040        0.4615        0.1538        0.0000        0.0000        0.0000        0.0000        0.0769        0.0000        0.3077        0.0000         0.0000         0.0055         0.0083         0.0014         0.0000         0.0581         0.7593         0.1674         
88        0.3289        0.0435        0.2250        0.0000        0.3781        0.0189        0.0000        0.0019        0.0038        0.5000        0.0833        0.0000        0.0000        0.0000        0.0000        0.0833        0.0000        0.3333        0.0000         0.0000         0.0052         0.0066         0.0013         0.0000         0.0486         0.7598         0.1785         
89        0.3392        0.0487        0.2086        0.0000        0.3684        0.0292        0.0000        0.0019        0.0039        0.5000        0.0833        0.0000        0.0000        0.0000        0.0000        0.0833        0.0000        0.3333        0.0000         0.0000         0.0053         0.0040         0.0013         0.0000         0.0530         0.7881         0.1483         
90        0.3422        0.0492        0.2090        0.0000        0.3607        0.0328        0.0000        0.0020        0.0041        0.6000        0.0667        0.0000        0.0000        0.0000        0.0000        0.0667        0.0000        0.2667        0.0000         0.0000         0.0027         0.0013         0.0013         0.0000         0.0466         0.8202         0.1278         
91        0.3012        0.0471        0.2316        0.0000        0.3668        0.0471        0.0000        0.0020        0.0041        0.6250        0.0625        0.0000        0.0000        0.0000        0.0000        0.0625        0.0000        0.2500        0.0000         0.0000         0.0052         0.0000         0.0013         0.0000         0.0469         0.8162         0.1304         
92        0.2955        0.0607        0.2328        0.0000        0.3502        0.0547        0.0000        0.0020        0.0040        0.5000        0.0833        0.0000        0.0000        0.0000        0.0000        0.0833        0.0000        0.3333        0.0000         0.0000         0.0053         0.0000         0.0013         0.0000         0.0401         0.8476         0.1056         
93        0.2958        0.0744        0.2314        0.0000        0.3219        0.0704        0.0000        0.0020        0.0040        0.4000        0.1000        0.0000        0.0000        0.0000        0.0000        0.1000        0.0000        0.4000        0.0000         0.0000         0.0053         0.0000         0.0013         0.0000         0.0423         0.8466         0.1045         
94        0.3012        0.0743        0.2470        0.0000        0.2972        0.0743        0.0000        0.0020        0.0040        0.3333        0.1111        0.0000        0.0000        0.0000        0.0000        0.1111        0.0000        0.4444        0.0000         0.0000         0.0052         0.0000         0.0013         0.0000         0.0456         0.8464         0.1016         
95        0.3458        0.0672        0.2510        0.0000        0.2648        0.0652        0.0000        0.0020        0.0040        0.4000        0.1000        0.0000        0.0000        0.0000        0.0000        0.1000        0.0000        0.4000        0.0000         0.0000         0.0052         0.0000         0.0013         0.0000         0.0523         0.8601         0.0810         
96        0.3378        0.0676        0.2664        0.0000        0.2606        0.0618        0.0000        0.0019        0.0039        0.4000        0.1000        0.0000        0.0000        0.0000        0.0000        0.1000        0.0000        0.4000        0.0000         0.0000         0.0052         0.0000         0.0013         0.0000         0.0454         0.8612         0.0869         
97        0.3274        0.0605        0.2562        0.0000        0.2972        0.0534        0.0000        0.0018        0.0036        0.4545        0.0909        0.0000        0.0000        0.0000        0.0000        0.0909        0.0000        0.3636        0.0000         0.0000         0.0051         0.0000         0.0013         0.0000         0.0506         0.8557         0.0873         
98        0.3163        0.0640        0.2614        0.0000        0.2962        0.0567        0.0000        0.0018        0.0037        0.6250        0.0625        0.0000        0.0000        0.0000        0.0000        0.0625        0.0000        0.2500        0.0000         0.0000         0.0024         0.0000         0.0012         0.0000         0.0450         0.8530         0.0984         
99        0.3202        0.0674        0.2678        0.0000        0.2715        0.0674        0.0000        0.0019        0.0037        0.5714        0.0714        0.0000        0.0000        0.0000        0.0000        0.0714        0.0000        0.2857        0.0000         0.0000         0.0047         0.0000         0.0012         0.0000         0.0560         0.8296         0.1085         
