#num_of_iter: 100
#num_of_exper: 1
#rows: 53
#cols: 53
#p_init_C: 0.5
#p_state_mut: 0.0
#p_strat_mut: 0.0
#p_0_neighb: 0.3
#p_1_neighb: 0.1
#comp_type: tournament
#sharing: False
#allC: 0.2
#allD: 0.2
#kD: 0.2
#kC: 0.2
#kDC: 0.2
#k_values: 0 to 8
#synchronity_prob: 1.0
#optimal_num_of_1s: 676
#playerC_opponentD_payoff: 0.0
#playerC_opponentC_payoff: 1.0
#playerD_opponentD_payoff: 0.1
#playerD_opponentC_payoff: 1.2
#debug:  False


#Experiment: 0

#seed: 1205451906834191397
iter      f_0D          f_1D          f_2D          f_3D          f_4D          f_5D          f_6D          f_7D          f_8D          f_0C          f_1C          f_2C          f_3C          f_4C          f_5C          f_6C          f_7C          f_8C          f_0DC          f_1DC          f_2DC          f_3DC          f_4DC          f_5DC          f_6DC          f_7DC          f_8DC          
0         0.1238        0.1018        0.1238        0.1138        0.1038        0.0958        0.1018        0.1357        0.0998        0.1011        0.1145        0.1317        0.1260        0.0821        0.1202        0.0878        0.1069        0.1298        0.1250         0.1192         0.1096         0.1000         0.1173         0.1096         0.1019         0.0981         0.1192         
1         0.1185        0.0873        0.1268        0.1102        0.0956        0.0915        0.1102        0.1538        0.1060        0.0992        0.1210        0.1270        0.1250        0.0714        0.1210        0.0972        0.1210        0.1171        0.1162         0.1218         0.1218         0.0959         0.1052         0.0793         0.1107         0.1033         0.1458         
2         0.1478        0.0964        0.1478        0.1199        0.0814        0.0857        0.0921        0.1370        0.0921        0.1116        0.1260        0.1343        0.1198        0.0723        0.1095        0.1012        0.1095        0.1157        0.1081         0.1045         0.1099         0.0847         0.1081         0.0613         0.1027         0.0991         0.2216         
3         0.1681        0.0917        0.1419        0.1310        0.0721        0.1004        0.0895        0.1245        0.0808        0.1347        0.1148        0.1236        0.1148        0.0706        0.1148        0.0971        0.1148        0.1148        0.0932         0.0914         0.1022         0.0806         0.1039         0.0573         0.1183         0.0968         0.2563         
4         0.1766        0.0795        0.1611        0.1347        0.0728        0.0971        0.0751        0.1170        0.0861        0.1787        0.1369        0.1160        0.1090        0.0650        0.0974        0.0858        0.0998        0.1114        0.0842         0.0789         0.0914         0.0699         0.0968         0.0430         0.1111         0.1129         0.3118         
5         0.1565        0.0703        0.1995        0.1361        0.0816        0.1043        0.0680        0.1111        0.0726        0.1912        0.1716        0.1127        0.0931        0.0564        0.0931        0.0858        0.1054        0.0907        0.0777         0.0644         0.0701         0.0701         0.0909         0.0284         0.0928         0.1326         0.3731         
6         0.1702        0.0769        0.2471        0.1608        0.0606        0.0816        0.0583        0.0932        0.0513        0.1832        0.1985        0.1196        0.0865        0.0636        0.0763        0.0840        0.1043        0.0840        0.0678         0.0546         0.0659         0.0584         0.0866         0.0207         0.0979         0.1337         0.4143         
7         0.2019        0.0560        0.2798        0.1630        0.0438        0.0779        0.0414        0.0876        0.0487        0.2228        0.2069        0.1300        0.0769        0.0557        0.0690        0.0769        0.0902        0.0716        0.0563         0.0311         0.0641         0.0544         0.0835         0.0175         0.0757         0.1592         0.4583         
8         0.1991        0.0569        0.3104        0.1967        0.0355        0.0640        0.0403        0.0569        0.0403        0.3218        0.2040        0.1236        0.0603        0.0374        0.0632        0.0575        0.0747        0.0575        0.0410         0.0168         0.0466         0.0429         0.1101         0.0205         0.0821         0.1399         0.5000         
9         0.2105        0.0526        0.2906        0.2037        0.0664        0.0549        0.0366        0.0481        0.0366        0.3920        0.1790        0.1019        0.0556        0.0401        0.0802        0.0556        0.0525        0.0432        0.0335         0.0126         0.0419         0.0377         0.1069         0.0168         0.0797         0.1468         0.5241         
10        0.2555        0.0657        0.2530        0.2068        0.0925        0.0414        0.0219        0.0292        0.0341        0.5000        0.1266        0.1169        0.0390        0.0227        0.0714        0.0584        0.0390        0.0260        0.0240         0.0109         0.0284         0.0306         0.1179         0.0153         0.0677         0.1659         0.5393         
11        0.2691        0.0739        0.2507        0.1768        0.1187        0.0422        0.0132        0.0343        0.0211        0.6071        0.0747        0.0877        0.0325        0.0097        0.0909        0.0519        0.0325        0.0130        0.0153         0.0088         0.0241         0.0153         0.0919         0.0044         0.0656         0.1422         0.6324         
12        0.2727        0.0390        0.2623        0.1584        0.1221        0.0779        0.0130        0.0364        0.0182        0.6483        0.0959        0.0756        0.0203        0.0058        0.0727        0.0436        0.0291        0.0087        0.0048         0.0048         0.0168         0.0144         0.0863         0.0024         0.0480         0.1463         0.6763         
13        0.2837        0.0309        0.2444        0.1685        0.1067        0.1067        0.0112        0.0309        0.0169        0.6606        0.0826        0.0856        0.0275        0.0061        0.0734        0.0398        0.0214        0.0031        0.0026         0.0052         0.0180         0.0103         0.0696         0.0000         0.0954         0.1340         0.6649         
14        0.2000        0.0000        0.2912        0.1676        0.1559        0.1176        0.0118        0.0382        0.0176        0.7029        0.0824        0.0618        0.0206        0.0118        0.0647        0.0382        0.0147        0.0029        0.0000         0.0049         0.0146         0.0049         0.0659         0.0000         0.0829         0.1585         0.6683         
15        0.2232        0.0000        0.3449        0.1623        0.1072        0.0957        0.0116        0.0377        0.0174        0.7291        0.0749        0.0548        0.0231        0.0115        0.0720        0.0288        0.0058        0.0000        0.0000         0.0055         0.0166         0.0055         0.0497         0.0000         0.0663         0.1685         0.6878         
16        0.1778        0.0000        0.3306        0.1639        0.1528        0.1139        0.0111        0.0333        0.0167        0.7546        0.0923        0.0290        0.0132        0.0053        0.0686        0.0343        0.0026        0.0000        0.0000         0.0059         0.0178         0.0059         0.0178         0.0000         0.0682         0.2196         0.6647         
17        0.1478        0.0000        0.3852        0.2005        0.1082        0.1135        0.0106        0.0185        0.0158        0.7884        0.0556        0.0212        0.0238        0.0106        0.0741        0.0265        0.0000        0.0000        0.0000         0.0056         0.0169         0.0028         0.0056         0.0000         0.0478         0.2331         0.6882         
18        0.1671        0.0000        0.3848        0.1418        0.1570        0.1063        0.0101        0.0177        0.0152        0.8021        0.0686        0.0158        0.0211        0.0026        0.0633        0.0264        0.0000        0.0000        0.0000         0.0060         0.0180         0.0060         0.0030         0.0000         0.0689         0.2635         0.6347         
19        0.1593        0.0000        0.3607        0.1546        0.2014        0.0843        0.0094        0.0164        0.0141        0.8089        0.0497        0.0157        0.0340        0.0026        0.0654        0.0236        0.0000        0.0000        0.0000         0.0062         0.0186         0.0062         0.0000         0.0000         0.0652         0.3043         0.5994         
20        0.2041        0.0000        0.3393        0.1429        0.2092        0.0663        0.0102        0.0153        0.0128        0.8478        0.0420        0.0131        0.0262        0.0026        0.0525        0.0157        0.0000        0.0000        0.0000         0.0057         0.0172         0.0029         0.0000         0.0000         0.0659         0.2923         0.6160         
21        0.2354        0.0000        0.3063        0.1190        0.2329        0.0684        0.0101        0.0127        0.0152        0.8467        0.0259        0.0094        0.0330        0.0142        0.0637        0.0071        0.0000        0.0000        0.0000         0.0053         0.0160         0.0053         0.0000         0.0000         0.0507         0.3067         0.6160         
22        0.2465        0.0000        0.3657        0.0886        0.2078        0.0526        0.0111        0.0166        0.0111        0.8457        0.0457        0.0087        0.0261        0.0130        0.0565        0.0043        0.0000        0.0000        0.0000         0.0051         0.0152         0.0051         0.0000         0.0000         0.0505         0.3232         0.6010         
23        0.2418        0.0000        0.3886        0.0951        0.2092        0.0380        0.0109        0.0082        0.0082        0.8677        0.0412        0.0065        0.0195        0.0108        0.0521        0.0022        0.0000        0.0000        0.0000         0.0051         0.0153         0.0051         0.0000         0.0000         0.0560         0.3333         0.5852         
24        0.2158        0.0000        0.3895        0.1026        0.2342        0.0316        0.0105        0.0079        0.0079        0.8886        0.0197        0.0044        0.0262        0.0044        0.0524        0.0044        0.0000        0.0000        0.0000         0.0050         0.0150         0.0050         0.0000         0.0000         0.0525         0.3350         0.5875         
25        0.2104        0.0000        0.4052        0.1039        0.2182        0.0364        0.0104        0.0104        0.0052        0.9129        0.0000        0.0021        0.0249        0.0062        0.0498        0.0041        0.0000        0.0000        0.0000         0.0052         0.0155         0.0103         0.0000         0.0000         0.0543         0.3643         0.5504         
26        0.1981        0.0000        0.3915        0.0991        0.2547        0.0354        0.0094        0.0071        0.0047        0.9271        0.0000        0.0021        0.0146        0.0021        0.0500        0.0042        0.0000        0.0000        0.0000         0.0050         0.0151         0.0101         0.0000         0.0000         0.0528         0.3643         0.5528         
27        0.1907        0.0000        0.4093        0.0767        0.2767        0.0279        0.0093        0.0047        0.0047        0.9228        0.0000        0.0000        0.0193        0.0077        0.0463        0.0039        0.0000        0.0000        0.0000         0.0048         0.0144         0.0096         0.0000         0.0000         0.0478         0.3900         0.5335         
28        0.1887        0.0000        0.3915        0.0896        0.2830        0.0307        0.0094        0.0047        0.0024        0.9322        0.0000        0.0000        0.0169        0.0019        0.0452        0.0038        0.0000        0.0000        0.0000         0.0047         0.0117         0.0023         0.0000         0.0000         0.0514         0.3855         0.5444         
29        0.1911        0.0000        0.4241        0.0733        0.2618        0.0288        0.0105        0.0052        0.0052        0.9278        0.0000        0.0000        0.0235        0.0036        0.0433        0.0018        0.0000        0.0000        0.0000         0.0044         0.0109         0.0000         0.0000         0.0000         0.0502         0.3799         0.5546         
30        0.1626        0.0000        0.4417        0.0894        0.2602        0.0244        0.0108        0.0054        0.0054        0.9371        0.0000        0.0000        0.0157        0.0017        0.0420        0.0035        0.0000        0.0000        0.0000         0.0047         0.0140         0.0000         0.0000         0.0000         0.0628         0.3837         0.5349         
31        0.1599        0.0000        0.4363        0.0867        0.2818        0.0163        0.0108        0.0027        0.0054        0.9360        0.0000        0.0000        0.0242        0.0000        0.0398        0.0000        0.0000        0.0000        0.0000         0.0046         0.0138         0.0000         0.0000         0.0000         0.0484         0.4078         0.5253         
32        0.1667        0.0000        0.3821        0.1026        0.3128        0.0179        0.0077        0.0051        0.0051        0.9362        0.0000        0.0000        0.0235        0.0000        0.0403        0.0000        0.0000        0.0000        0.0000         0.0044         0.0111         0.0000         0.0000         0.0000         0.0422         0.4311         0.5111         
33        0.1324        0.0000        0.3649        0.1027        0.3595        0.0216        0.0108        0.0054        0.0027        0.9422        0.0000        0.0000        0.0221        0.0000        0.0357        0.0000        0.0000        0.0000        0.0000         0.0043         0.0086         0.0000         0.0000         0.0000         0.0346         0.4190         0.5335         
34        0.1541        0.0000        0.3605        0.1192        0.3227        0.0203        0.0116        0.0058        0.0058        0.9474        0.0000        0.0000        0.0181        0.0000        0.0345        0.0000        0.0000        0.0000        0.0000         0.0041         0.0081         0.0000         0.0000         0.0000         0.0284         0.4442         0.5152         
35        0.1467        0.0000        0.3653        0.1317        0.3084        0.0240        0.0120        0.0060        0.0060        0.9411        0.0000        0.0000        0.0223        0.0000        0.0366        0.0000        0.0000        0.0000        0.0000         0.0042         0.0083         0.0000         0.0000         0.0000         0.0146         0.4927         0.4802         
36        0.1732        0.0000        0.4022        0.1257        0.2458        0.0223        0.0196        0.0056        0.0056        0.9484        0.0000        0.0000        0.0188        0.0000        0.0329        0.0000        0.0000        0.0000        0.0000         0.0039         0.0079         0.0000         0.0000         0.0000         0.0118         0.4843         0.4921         
37        0.1703        0.0000        0.3533        0.1956        0.2240        0.0252        0.0189        0.0063        0.0063        0.9531        0.0000        0.0000        0.0166        0.0000        0.0303        0.0000        0.0000        0.0000        0.0000         0.0039         0.0079         0.0000         0.0000         0.0000         0.0118         0.5059         0.4705         
38        0.1571        0.0000        0.3837        0.2115        0.1934        0.0242        0.0181        0.0060        0.0060        0.9545        0.0000        0.0000        0.0132        0.0000        0.0323        0.0000        0.0000        0.0000        0.0000         0.0038         0.0076         0.0000         0.0000         0.0000         0.0114         0.4905         0.4867         
39        0.1483        0.0000        0.3880        0.2177        0.1956        0.0221        0.0189        0.0063        0.0032        0.9621        0.0000        0.0000        0.0084        0.0000        0.0295        0.0000        0.0000        0.0000        0.0000         0.0037         0.0073         0.0000         0.0000         0.0000         0.0110         0.5018         0.4762         
40        0.2138        0.0000        0.3696        0.2246        0.1377        0.0290        0.0217        0.0036        0.0000        0.9591        0.0000        0.0000        0.0095        0.0000        0.0314        0.0000        0.0000        0.0000        0.0000         0.0036         0.0071         0.0000         0.0000         0.0000         0.0089         0.4643         0.5161         
41        0.2425        0.0000        0.3321        0.2425        0.1269        0.0261        0.0224        0.0075        0.0000        0.9697        0.0000        0.0000        0.0039        0.0000        0.0263        0.0000        0.0000        0.0000        0.0000         0.0036         0.0071         0.0000         0.0000         0.0000         0.0054         0.4464         0.5375         
42        0.2213        0.0000        0.3557        0.2332        0.1304        0.0277        0.0237        0.0079        0.0000        0.9723        0.0000        0.0000        0.0063        0.0000        0.0214        0.0000        0.0000        0.0000        0.0000         0.0035         0.0070         0.0000         0.0000         0.0000         0.0053         0.4316         0.5526         
43        0.2019        0.0000        0.3239        0.2770        0.1221        0.0376        0.0282        0.0094        0.0000        0.9778        0.0000        0.0000        0.0025        0.0000        0.0198        0.0000        0.0000        0.0000        0.0000         0.0017         0.0052         0.0000         0.0000         0.0000         0.0103         0.4605         0.5223         
44        0.1707        0.0000        0.2976        0.3171        0.1268        0.0390        0.0439        0.0049        0.0000        0.9720        0.0000        0.0000        0.0085        0.0000        0.0195        0.0000        0.0000        0.0000        0.0000         0.0000         0.0053         0.0000         0.0000         0.0000         0.0071         0.4920         0.4956         
45        0.1222        0.0000        0.3389        0.3333        0.1111        0.0389        0.0444        0.0111        0.0000        0.9751        0.0000        0.0000        0.0059        0.0000        0.0190        0.0000        0.0000        0.0000        0.0000         0.0000         0.0071         0.0000         0.0000         0.0000         0.0018         0.5238         0.4674         
46        0.1677        0.0000        0.3234        0.2994        0.0958        0.0359        0.0659        0.0120        0.0000        0.9755        0.0000        0.0000        0.0058        0.0000        0.0187        0.0000        0.0000        0.0000        0.0000         0.0000         0.0017         0.0000         0.0000         0.0000         0.0034         0.5616         0.4332         
47        0.1447        0.0000        0.3333        0.3774        0.0252        0.0440        0.0629        0.0126        0.0000        0.9752        0.0000        0.0000        0.0034        0.0000        0.0214        0.0000        0.0000        0.0000        0.0000         0.0000         0.0033         0.0000         0.0000         0.0000         0.0033         0.5449         0.4486         
48        0.1037        0.0000        0.3780        0.4207        0.0000        0.0366        0.0610        0.0000        0.0000        0.9733        0.0000        0.0000        0.0078        0.0000        0.0189        0.0000        0.0000        0.0000        0.0000         0.0000         0.0032         0.0000         0.0000         0.0000         0.0032         0.5568         0.4369         
49        0.0643        0.0000        0.4386        0.3977        0.0000        0.0409        0.0585        0.0000        0.0000        0.9804        0.0000        0.0000        0.0033        0.0000        0.0163        0.0000        0.0000        0.0000        0.0000         0.0000         0.0031         0.0000         0.0000         0.0000         0.0031         0.5609         0.4330         
50        0.0241        0.0000        0.5120        0.3494        0.0000        0.0361        0.0783        0.0000        0.0000        0.9789        0.0000        0.0000        0.0063        0.0000        0.0148        0.0000        0.0000        0.0000        0.0000         0.0000         0.0031         0.0000         0.0000         0.0000         0.0015         0.5688         0.4266         
51        0.0291        0.0000        0.5174        0.3488        0.0000        0.0407        0.0640        0.0000        0.0000        0.9804        0.0000        0.0000        0.0052        0.0000        0.0144        0.0000        0.0000        0.0000        0.0000         0.0000         0.0029         0.0000         0.0000         0.0000         0.0015         0.5800         0.4156         
52        0.0301        0.0000        0.4639        0.4036        0.0000        0.0422        0.0602        0.0000        0.0000        0.9838        0.0000        0.0000        0.0030        0.0000        0.0132        0.0000        0.0000        0.0000        0.0000         0.0000         0.0015         0.0000         0.0000         0.0000         0.0000         0.5712         0.4273         
53        0.0247        0.0000        0.4198        0.4321        0.0000        0.0432        0.0802        0.0000        0.0000        0.9872        0.0000        0.0000        0.0010        0.0000        0.0118        0.0000        0.0000        0.0000        0.0000         0.0000         0.0000         0.0000         0.0000         0.0000         0.0000         0.5761         0.4239         
54        0.0336        0.0000        0.4027        0.4362        0.0000        0.0470        0.0805        0.0000        0.0000        0.9883        0.0000        0.0000        0.0000        0.0000        0.0117        0.0000        0.0000        0.0000        0.0000         0.0000         0.0000         0.0000         0.0000         0.0000         0.0000         0.5953         0.4047         
55        0.0490        0.0000        0.3497        0.4685        0.0000        0.0490        0.0839        0.0000        0.0000        0.9885        0.0000        0.0000        0.0000        0.0000        0.0115        0.0000        0.0000        0.0000        0.0000         0.0000         0.0000         0.0000         0.0000         0.0000         0.0000         0.5816         0.4184         
56        0.0652        0.0000        0.2464        0.5580        0.0000        0.0435        0.0870        0.0000        0.0000        0.9856        0.0000        0.0000        0.0000        0.0000        0.0144        0.0000        0.0000        0.0000        0.0000         0.0000         0.0000         0.0000         0.0000         0.0000         0.0000         0.5918         0.4082         
57        0.0216        0.0000        0.3022        0.5540        0.0000        0.0432        0.0791        0.0000        0.0000        0.9868        0.0000        0.0000        0.0000        0.0000        0.0132        0.0000        0.0000        0.0000        0.0000         0.0000         0.0000         0.0000         0.0000         0.0000         0.0000         0.5865         0.4135         
58        0.0145        0.0000        0.2826        0.5797        0.0000        0.0507        0.0725        0.0000        0.0000        0.9869        0.0000        0.0000        0.0000        0.0000        0.0131        0.0000        0.0000        0.0000        0.0000         0.0000         0.0000         0.0000         0.0000         0.0000         0.0000         0.5760         0.4240         
59        0.0000        0.0000        0.2742        0.5968        0.0000        0.0565        0.0726        0.0000        0.0000        0.9872        0.0000        0.0000        0.0000        0.0000        0.0128        0.0000        0.0000        0.0000        0.0000         0.0000         0.0000         0.0000         0.0000         0.0000         0.0000         0.5560         0.4440         
60        0.0000        0.0000        0.2696        0.6000        0.0000        0.0609        0.0696        0.0000        0.0000        0.9875        0.0000        0.0000        0.0000        0.0000        0.0125        0.0000        0.0000        0.0000        0.0000         0.0000         0.0000         0.0000         0.0000         0.0000         0.0000         0.5523         0.4477         
61        0.0000        0.0000        0.2589        0.6161        0.0000        0.0536        0.0714        0.0000        0.0000        0.9896        0.0000        0.0000        0.0000        0.0000        0.0104        0.0000        0.0000        0.0000        0.0000         0.0000         0.0000         0.0000         0.0000         0.0000         0.0000         0.5683         0.4317         
62        0.0000        0.0000        0.2500        0.6042        0.0000        0.0625        0.0833        0.0000        0.0000        0.9899        0.0000        0.0000        0.0000        0.0000        0.0101        0.0000        0.0000        0.0000        0.0000         0.0000         0.0000         0.0000         0.0000         0.0000         0.0000         0.5913         0.4087         
63        0.0000        0.0000        0.1758        0.6703        0.0000        0.0659        0.0879        0.0000        0.0000        0.9878        0.0000        0.0000        0.0000        0.0000        0.0122        0.0000        0.0000        0.0000        0.0000         0.0000         0.0000         0.0000         0.0000         0.0000         0.0000         0.6245         0.3755         
64        0.0000        0.0000        0.1429        0.6883        0.0000        0.0649        0.1039        0.0000        0.0000        0.9894        0.0000        0.0000        0.0000        0.0000        0.0106        0.0000        0.0000        0.0000        0.0000         0.0000         0.0000         0.0000         0.0000         0.0000         0.0000         0.6159         0.3841         
65        0.0000        0.0000        0.1528        0.6528        0.0000        0.0833        0.1111        0.0000        0.0000        0.9912        0.0000        0.0000        0.0000        0.0000        0.0088        0.0000        0.0000        0.0000        0.0000         0.0000         0.0000         0.0000         0.0000         0.0000         0.0000         0.6261         0.3739         
66        0.0000        0.0000        0.1875        0.6125        0.0000        0.1000        0.1000        0.0000        0.0000        0.9928        0.0000        0.0000        0.0000        0.0000        0.0072        0.0000        0.0000        0.0000        0.0000         0.0000         0.0000         0.0000         0.0000         0.0000         0.0000         0.6214         0.3786         
67        0.0000        0.0000        0.1892        0.5676        0.0000        0.1351        0.1081        0.0000        0.0000        0.9929        0.0000        0.0000        0.0000        0.0000        0.0071        0.0000        0.0000        0.0000        0.0000         0.0000         0.0000         0.0000         0.0000         0.0000         0.0000         0.6255         0.3745         
68        0.0000        0.0000        0.1529        0.5765        0.0000        0.1765        0.0941        0.0000        0.0000        0.9938        0.0000        0.0000        0.0000        0.0000        0.0062        0.0000        0.0000        0.0000        0.0000         0.0000         0.0000         0.0000         0.0000         0.0000         0.0000         0.6397         0.3603         
69        0.0000        0.0000        0.2222        0.5062        0.0000        0.1728        0.0988        0.0000        0.0000        0.9938        0.0000        0.0000        0.0000        0.0000        0.0062        0.0000        0.0000        0.0000        0.0000         0.0000         0.0000         0.0000         0.0000         0.0000         0.0000         0.6516         0.3484         
70        0.0000        0.0000        0.2267        0.4933        0.0000        0.1733        0.1067        0.0000        0.0000        0.9938        0.0000        0.0000        0.0000        0.0000        0.0062        0.0000        0.0000        0.0000        0.0000         0.0000         0.0000         0.0000         0.0000         0.0000         0.0000         0.6632         0.3368         
71        0.0000        0.0000        0.2195        0.5732        0.0000        0.1098        0.0976        0.0000        0.0000        0.9946        0.0000        0.0000        0.0000        0.0000        0.0054        0.0000        0.0000        0.0000        0.0000         0.0000         0.0000         0.0000         0.0000         0.0000         0.0000         0.6720         0.3280         
72        0.0000        0.0000        0.2169        0.5904        0.0000        0.0964        0.0964        0.0000        0.0000        0.9915        0.0000        0.0000        0.0000        0.0000        0.0085        0.0000        0.0000        0.0000        0.0000         0.0000         0.0000         0.0000         0.0000         0.0000         0.0000         0.6769         0.3231         
73        0.0000        0.0000        0.1395        0.6628        0.0000        0.1047        0.0930        0.0000        0.0000        0.9916        0.0000        0.0000        0.0000        0.0000        0.0084        0.0000        0.0000        0.0000        0.0000         0.0000         0.0000         0.0000         0.0000         0.0000         0.0000         0.6928         0.3072         
74        0.0000        0.0000        0.1529        0.6235        0.0000        0.1294        0.0941        0.0000        0.0000        0.9925        0.0000        0.0000        0.0000        0.0000        0.0075        0.0000        0.0000        0.0000        0.0000         0.0000         0.0000         0.0000         0.0000         0.0000         0.0000         0.6887         0.3113         
75        0.0000        0.0000        0.1758        0.6044        0.0000        0.1319        0.0879        0.0000        0.0000        0.9932        0.0000        0.0000        0.0000        0.0000        0.0068        0.0000        0.0000        0.0000        0.0000         0.0000         0.0000         0.0000         0.0000         0.0000         0.0000         0.6755         0.3245         
76        0.0000        0.0000        0.2323        0.5354        0.0000        0.1515        0.0808        0.0000        0.0000        0.9948        0.0000        0.0000        0.0000        0.0000        0.0052        0.0000        0.0000        0.0000        0.0000         0.0000         0.0000         0.0000         0.0000         0.0000         0.0000         0.6712         0.3288         
77        0.0000        0.0000        0.2500        0.4688        0.0000        0.1979        0.0833        0.0000        0.0000        0.9963        0.0000        0.0000        0.0000        0.0000        0.0037        0.0000        0.0000        0.0000        0.0000         0.0000         0.0000         0.0000         0.0000         0.0000         0.0000         0.6975         0.3025         
78        0.0000        0.0000        0.2273        0.4545        0.0000        0.2273        0.0909        0.0000        0.0000        0.9971        0.0000        0.0000        0.0000        0.0000        0.0029        0.0000        0.0000        0.0000        0.0000         0.0000         0.0000         0.0000         0.0000         0.0000         0.0000         0.7005         0.2995         
79        0.0000        0.0000        0.3146        0.3820        0.0000        0.2135        0.0899        0.0000        0.0000        0.9971        0.0000        0.0000        0.0000        0.0000        0.0029        0.0000        0.0000        0.0000        0.0000         0.0000         0.0000         0.0000         0.0000         0.0000         0.0000         0.7055         0.2945         
80        0.0000        0.0000        0.3265        0.3673        0.0000        0.2245        0.0816        0.0000        0.0000        0.9971        0.0000        0.0000        0.0000        0.0000        0.0029        0.0000        0.0000        0.0000        0.0000         0.0000         0.0000         0.0000         0.0000         0.0000         0.0000         0.7156         0.2844         
81        0.0000        0.0000        0.2952        0.3714        0.0000        0.2571        0.0762        0.0000        0.0000        0.9971        0.0000        0.0000        0.0000        0.0000        0.0029        0.0000        0.0000        0.0000        0.0000         0.0000         0.0000         0.0000         0.0000         0.0000         0.0000         0.7296         0.2704         
82        0.0000        0.0000        0.2437        0.3782        0.0000        0.3109        0.0672        0.0000        0.0000        0.9971        0.0000        0.0000        0.0000        0.0000        0.0029        0.0000        0.0000        0.0000        0.0000         0.0000         0.0000         0.0000         0.0000         0.0000         0.0000         0.7354         0.2646         
83        0.0000        0.0000        0.2793        0.3514        0.0000        0.2973        0.0721        0.0000        0.0000        0.9971        0.0000        0.0000        0.0000        0.0000        0.0029        0.0000        0.0000        0.0000        0.0000         0.0000         0.0000         0.0000         0.0000         0.0000         0.0000         0.7257         0.2743         
84        0.0000        0.0000        0.2826        0.3804        0.0000        0.2500        0.0870        0.0000        0.0000        0.9972        0.0000        0.0000        0.0000        0.0000        0.0028        0.0000        0.0000        0.0000        0.0000         0.0000         0.0000         0.0000         0.0000         0.0000         0.0000         0.7354         0.2646         
85        0.0000        0.0000        0.2840        0.4444        0.0000        0.1728        0.0988        0.0000        0.0000        0.9972        0.0000        0.0000        0.0000        0.0000        0.0028        0.0000        0.0000        0.0000        0.0000         0.0000         0.0000         0.0000         0.0000         0.0000         0.0000         0.7367         0.2633         
86        0.0000        0.0000        0.3478        0.4239        0.0000        0.1413        0.0870        0.0000        0.0000        0.9972        0.0000        0.0000        0.0000        0.0000        0.0028        0.0000        0.0000        0.0000        0.0000         0.0000         0.0000         0.0000         0.0000         0.0000         0.0000         0.7400         0.2600         
87        0.0000        0.0000        0.2840        0.4815        0.0000        0.1358        0.0988        0.0000        0.0000        0.9972        0.0000        0.0000        0.0000        0.0000        0.0028        0.0000        0.0000        0.0000        0.0000         0.0000         0.0000         0.0000         0.0000         0.0000         0.0000         0.7388         0.2612         
88        0.0000        0.0000        0.2105        0.5263        0.0000        0.1579        0.1053        0.0000        0.0000        0.9972        0.0000        0.0000        0.0000        0.0000        0.0028        0.0000        0.0000        0.0000        0.0000         0.0000         0.0000         0.0000         0.0000         0.0000         0.0000         0.7415         0.2585         
89        0.0000        0.0000        0.2059        0.5000        0.0000        0.1765        0.1176        0.0000        0.0000        0.9972        0.0000        0.0000        0.0000        0.0000        0.0028        0.0000        0.0000        0.0000        0.0000         0.0000         0.0000         0.0000         0.0000         0.0000         0.0000         0.7264         0.2736         
90        0.0000        0.0000        0.1940        0.4776        0.0000        0.2090        0.1194        0.0000        0.0000        0.9972        0.0000        0.0000        0.0000        0.0000        0.0028        0.0000        0.0000        0.0000        0.0000         0.0000         0.0000         0.0000         0.0000         0.0000         0.0000         0.7353         0.2647         
91        0.0000        0.0000        0.2353        0.4706        0.0000        0.1765        0.1176        0.0000        0.0000        0.9972        0.0000        0.0000        0.0000        0.0000        0.0028        0.0000        0.0000        0.0000        0.0000         0.0000         0.0000         0.0000         0.0000         0.0000         0.0000         0.7366         0.2634         
92        0.0000        0.0000        0.1972        0.4507        0.0000        0.2394        0.1127        0.0000        0.0000        0.9972        0.0000        0.0000        0.0000        0.0000        0.0028        0.0000        0.0000        0.0000        0.0000         0.0000         0.0000         0.0000         0.0000         0.0000         0.0000         0.7467         0.2533         
93        0.0000        0.0000        0.2464        0.4638        0.0000        0.1739        0.1159        0.0000        0.0000        0.9972        0.0000        0.0000        0.0000        0.0000        0.0028        0.0000        0.0000        0.0000        0.0000         0.0000         0.0000         0.0000         0.0000         0.0000         0.0000         0.7351         0.2649         
94        0.0000        0.0000        0.2113        0.4507        0.0000        0.2254        0.1127        0.0000        0.0000        0.9972        0.0000        0.0000        0.0000        0.0000        0.0028        0.0000        0.0000        0.0000        0.0000         0.0000         0.0000         0.0000         0.0000         0.0000         0.0000         0.7395         0.2605         
95        0.0000        0.0000        0.2027        0.4324        0.0000        0.2568        0.1081        0.0000        0.0000        0.9972        0.0000        0.0000        0.0000        0.0000        0.0028        0.0000        0.0000        0.0000        0.0000         0.0000         0.0000         0.0000         0.0000         0.0000         0.0000         0.7487         0.2513         
96        0.0000        0.0000        0.1618        0.4706        0.0000        0.2500        0.1176        0.0000        0.0000        0.9972        0.0000        0.0000        0.0000        0.0000        0.0028        0.0000        0.0000        0.0000        0.0000         0.0000         0.0000         0.0000         0.0000         0.0000         0.0000         0.7513         0.2487         
97        0.0000        0.0000        0.1688        0.4156        0.0000        0.3117        0.1039        0.0000        0.0000        0.9972        0.0000        0.0000        0.0000        0.0000        0.0028        0.0000        0.0000        0.0000        0.0000         0.0000         0.0000         0.0000         0.0000         0.0000         0.0000         0.7599         0.2401         
98        0.0000        0.0000        0.1081        0.4595        0.0000        0.3243        0.1081        0.0000        0.0000        0.9972        0.0000        0.0000        0.0000        0.0000        0.0028        0.0000        0.0000        0.0000        0.0000         0.0000         0.0000         0.0000         0.0000         0.0000         0.0000         0.7606         0.2394         
99        0.0000        0.0000        0.1067        0.4400        0.0000        0.3467        0.1067        0.0000        0.0000        0.9973        0.0000        0.0000        0.0000        0.0000        0.0027        0.0000        0.0000        0.0000        0.0000         0.0000         0.0000         0.0000         0.0000         0.0000         0.0000         0.7661         0.2339         
