#num_of_iter: 100
#num_of_exper: 1
#rows: 51
#cols: 51
#p_init_C: 0.5
#p_state_mut: 0.0
#p_strat_mut: 0.0
#p_0_neighb: 0.3
#p_1_neighb: 0.3
#comp_type: tournament
#sharing: False
#allC: 0.2
#allD: 0.2
#kD: 0.2
#kC: 0.2
#kDC: 0.2
#k_values: 0 to 8
#synchronity_prob: 1.0
#optimal_num_of_1s: 676
#playerC_opponentD_payoff: 0.0
#playerC_opponentC_payoff: 1.0
#playerD_opponentD_payoff: 0.1
#playerD_opponentC_payoff: 1.2
#debug:  False


#Experiment: 0

#seed: 2557797826341802628
#iter     f_C          f_C_corr          av_sum          f_allC          f_allD          f_kD          f_kC          f_kDC          f_strat_ch          f_strat_ch_final          f_cr_0s          f_cr_1s          optim_solut          
0         0.5071       0.0089            0.1349          0.2003          0.2011          0.2084        0.2007        0.1895         0.0000              0.0000                    0.0015           0.5048           0.26                 
1         0.3729       0.0710            0.1688          0.2053          0.1961          0.2011        0.2026        0.1949         0.1200              0.1119                    0.0050           0.5060           0.26                 
2         0.3522       0.0902            0.1693          0.1799          0.2184          0.2011        0.1984        0.2022         0.4752              0.3745                    0.0242           0.4783           0.26                 
3         0.3080       0.1494            0.1839          0.1488          0.2553          0.2199        0.1811        0.1949         0.4852              0.3118                    0.0704           0.3972           0.26                 
4         0.2810       0.2219            0.2096          0.1161          0.2814          0.2388        0.1757        0.1880         0.5729              0.3245                    0.1107           0.3372           0.26                 
5         0.2518       0.2914            0.2394          0.0784          0.3183          0.2484        0.1703        0.1845         0.6778              0.3349                    0.1580           0.2599           0.26                 
6         0.2318       0.3417            0.2601          0.0550          0.3629          0.2484        0.1661        0.1676         0.7255              0.2926                    0.2149           0.2042           0.26                 
7         0.2176       0.3950            0.2785          0.0419          0.3860          0.2388        0.1553        0.1780         0.7586              0.2687                    0.2238           0.1696           0.26                 
8         0.1880       0.4393            0.2916          0.0304          0.4275          0.2307        0.1488        0.1626         0.7889              0.2472                    0.2676           0.1211           0.26                 
9         0.1999       0.4423            0.2969          0.0242          0.4652          0.2165        0.1426        0.1515         0.8032              0.2222                    0.2868           0.1173           0.26                 
10        0.1757       0.4571            0.3001          0.0223          0.4664          0.2334        0.1342        0.1438         0.8047              0.2011                    0.3226           0.0830           0.26                 
11        0.1799       0.5000            0.3235          0.0196          0.4910          0.2165        0.1403        0.1326         0.8124              0.2161                    0.3122           0.0792           0.26                 
12        0.1857       0.5266            0.3386          0.0188          0.5048          0.2007        0.1503        0.1253         0.8143              0.1984                    0.2999           0.0700           0.26                 
13        0.1842       0.5311            0.3389          0.0185          0.5106          0.1988        0.1519        0.1203         0.8082              0.1934                    0.3037           0.0631           0.26                 
14        0.1776       0.5577            0.3597          0.0169          0.5040          0.2015        0.1480        0.1296         0.8012              0.1749                    0.3118           0.0565           0.26                 
15        0.1849       0.5695            0.3648          0.0158          0.5017          0.1988        0.1461        0.1376         0.8043              0.1646                    0.2995           0.0500           0.26                 
16        0.1853       0.5843            0.3767          0.0165          0.5063          0.1819        0.1638        0.1315         0.8047              0.1611                    0.2907           0.0484           0.26                 
17        0.1826       0.5607            0.3559          0.0165          0.5048          0.1692        0.1757        0.1338         0.8082              0.1569                    0.2926           0.0511           0.26                 
18        0.1772       0.5562            0.3681          0.0158          0.4725          0.1696        0.1972        0.1449         0.8032              0.1423                    0.2849           0.0473           0.26                 
19        0.1819       0.5680            0.3665          0.0142          0.4733          0.1549        0.1999        0.1576         0.8124              0.1303                    0.2737           0.0500           0.26                 
20        0.1815       0.5666            0.3715          0.0150          0.4521          0.1557        0.2095        0.1676         0.7997              0.1323                    0.2730           0.0477           0.26                 
21        0.1845       0.5947            0.3871          0.0158          0.4418          0.1569        0.2176        0.1680         0.7966              0.1257                    0.2491           0.0469           0.26                 
22        0.1907       0.5976            0.3919          0.0146          0.4402          0.1507        0.2288        0.1657         0.7943              0.1207                    0.2322           0.0473           0.26                 
23        0.1888       0.6228            0.4091          0.0154          0.4356          0.1511        0.2276        0.1703         0.7951              0.1061                    0.2422           0.0381           0.26                 
24        0.1880       0.6139            0.3957          0.0150          0.4364          0.1384        0.2307        0.1795         0.7932              0.1069                    0.2418           0.0415           0.26                 
25        0.1845       0.6036            0.3965          0.0127          0.4248          0.1415        0.2338        0.1872         0.7901              0.1084                    0.2476           0.0388           0.26                 
26        0.1903       0.6198            0.4035          0.0138          0.4029          0.1449        0.2480        0.1903         0.7962              0.1107                    0.2103           0.0438           0.26                 
27        0.1915       0.6095            0.4007          0.0135          0.3910          0.1426        0.2549        0.1980         0.7901              0.1015                    0.2215           0.0469           0.26                 
28        0.1853       0.6124            0.3985          0.0131          0.3918          0.1296        0.2576        0.2080         0.7951              0.1061                    0.2218           0.0392           0.26                 
29        0.1926       0.6272            0.4113          0.0115          0.3733          0.1353        0.2664        0.2134         0.7889              0.1073                    0.1892           0.0484           0.26                 
30        0.1976       0.6435            0.4240          0.0088          0.3579          0.1296        0.2718        0.2318         0.7747              0.1053                    0.1815           0.0400           0.26                 
31        0.1911       0.6598            0.4355          0.0096          0.3495          0.1284        0.2764        0.2361         0.7724              0.1053                    0.1788           0.0331           0.26                 
32        0.1930       0.6391            0.4270          0.0092          0.3449          0.1184        0.2864        0.2411         0.7762              0.0988                    0.1853           0.0361           0.26                 
33        0.1995       0.6598            0.4396          0.0088          0.3276          0.1150        0.3003        0.2484         0.7778              0.0950                    0.1696           0.0400           0.26                 
34        0.1976       0.6731            0.4438          0.0069          0.3210          0.1176        0.3010        0.2534         0.7705              0.0915                    0.1680           0.0311           0.26                 
35        0.1949       0.6642            0.4397          0.0092          0.3106          0.1157        0.3053        0.2591         0.7759              0.0946                    0.1611           0.0384           0.26                 
36        0.2034       0.6731            0.4537          0.0069          0.3010          0.1046        0.3172        0.2703         0.7774              0.0996                    0.1465           0.0396           0.26                 
37        0.2042       0.6701            0.4521          0.0081          0.3014          0.1077        0.3176        0.2653         0.7655              0.0857                    0.1511           0.0388           0.26                 
38        0.1965       0.6760            0.4575          0.0085          0.2953          0.1007        0.3283        0.2672         0.7751              0.0819                    0.1515           0.0315           0.26                 
39        0.1988       0.6834            0.4562          0.0077          0.2787          0.1034        0.3429        0.2672         0.7751              0.0823                    0.1415           0.0350           0.26                 
40        0.1953       0.6760            0.4471          0.0065          0.2757          0.1077        0.3360        0.2741         0.7820              0.0769                    0.1476           0.0327           0.26                 
41        0.2007       0.6982            0.4667          0.0062          0.2626          0.1007        0.3510        0.2795         0.7793              0.0738                    0.1353           0.0285           0.26                 
42        0.1976       0.6893            0.4581          0.0054          0.2534          0.1000        0.3591        0.2822         0.7712              0.0634                    0.1319           0.0273           0.26                 
43        0.2003       0.6953            0.4635          0.0050          0.2461          0.0984        0.3618        0.2887         0.7770              0.0596                    0.1253           0.0319           0.26                 
44        0.1988       0.7115            0.4762          0.0042          0.2541          0.0934        0.3595        0.2887         0.7697              0.0523                    0.1319           0.0231           0.26                 
45        0.2049       0.6938            0.4743          0.0038          0.2480          0.0903        0.3676        0.2903         0.7659              0.0623                    0.1123           0.0346           0.26                 
46        0.2034       0.7012            0.4727          0.0046          0.2464          0.0830        0.3695        0.2964         0.7612              0.0681                    0.1180           0.0300           0.26                 
47        0.2072       0.7160            0.4835          0.0035          0.2411          0.0780        0.3810        0.2964         0.7586              0.0723                    0.1053           0.0334           0.26                 
48        0.2030       0.6967            0.4761          0.0046          0.2341          0.0777        0.3822        0.3014         0.7593              0.0784                    0.1150           0.0338           0.26                 
49        0.2095       0.7160            0.4893          0.0050          0.2180          0.0692        0.3945        0.3133         0.7551              0.0788                    0.1015           0.0334           0.26                 
50        0.2107       0.7086            0.4869          0.0046          0.2180          0.0650        0.3968        0.3156         0.7555              0.0673                    0.1050           0.0400           0.26                 
51        0.2107       0.7115            0.4972          0.0050          0.2130          0.0623        0.4056        0.3141         0.7682              0.0665                    0.0996           0.0373           0.26                 
52        0.2076       0.7160            0.4956          0.0058          0.2080          0.0554        0.4091        0.3218         0.7616              0.0696                    0.0957           0.0350           0.26                 
53        0.2122       0.7367            0.5078          0.0062          0.1938          0.0627        0.4195        0.3180         0.7612              0.0696                    0.0827           0.0315           0.26                 
54        0.2099       0.7337            0.5002          0.0065          0.1949          0.0573        0.4145        0.3268         0.7601              0.0646                    0.0819           0.0300           0.26                 
55        0.2080       0.7175            0.4951          0.0069          0.1892          0.0519        0.4245        0.3276         0.7593              0.0565                    0.0850           0.0334           0.26                 
56        0.2092       0.7396            0.5040          0.0073          0.1888          0.0442        0.4275        0.3322         0.7543              0.0427                    0.0707           0.0296           0.26                 
57        0.2145       0.7382            0.5085          0.0073          0.1853          0.0408        0.4302        0.3364         0.7459              0.0404                    0.0638           0.0342           0.26                 
58        0.2115       0.7441            0.5143          0.0065          0.1869          0.0438        0.4241        0.3387         0.7455              0.0438                    0.0719           0.0261           0.26                 
59        0.2149       0.7456            0.5149          0.0065          0.1845          0.0431        0.4268        0.3391         0.7497              0.0384                    0.0715           0.0296           0.26                 
60        0.2111       0.7559            0.5195          0.0062          0.1822          0.0404        0.4248        0.3464         0.7451              0.0423                    0.0673           0.0204           0.26                 
61        0.2157       0.7515            0.5252          0.0062          0.1753          0.0388        0.4275        0.3522         0.7432              0.0465                    0.0557           0.0342           0.26                 
62        0.2130       0.7544            0.5319          0.0065          0.1753          0.0373        0.4314        0.3495         0.7489              0.0365                    0.0665           0.0242           0.26                 
63        0.2134       0.7396            0.5267          0.0050          0.1726          0.0419        0.4275        0.3529         0.7420              0.0396                    0.0650           0.0315           0.26                 
64        0.2172       0.7530            0.5321          0.0046          0.1703          0.0361        0.4329        0.3560         0.7259              0.0392                    0.0550           0.0269           0.26                 
65        0.2153       0.7648            0.5319          0.0058          0.1665          0.0365        0.4360        0.3552         0.7363              0.0408                    0.0604           0.0254           0.26                 
66        0.2191       0.7485            0.5274          0.0062          0.1599          0.0331        0.4368        0.3641         0.7413              0.0419                    0.0461           0.0369           0.26                 
67        0.2118       0.7589            0.5302          0.0058          0.1672          0.0323        0.4321        0.3626         0.7366              0.0358                    0.0665           0.0211           0.26                 
68        0.2168       0.7559            0.5302          0.0077          0.1692          0.0331        0.4344        0.3556         0.7466              0.0384                    0.0538           0.0346           0.26                 
69        0.2138       0.7692            0.5407          0.0065          0.1657          0.0331        0.4375        0.3572         0.7386              0.0400                    0.0584           0.0200           0.26                 
70        0.2172       0.7722            0.5416          0.0058          0.1584          0.0358        0.4387        0.3614         0.7386              0.0338                    0.0492           0.0261           0.26                 
71        0.2188       0.7840            0.5535          0.0042          0.1672          0.0300        0.4352        0.3633         0.7355              0.0384                    0.0469           0.0204           0.26                 
72        0.2141       0.7781            0.5471          0.0038          0.1576          0.0296        0.4425        0.3664         0.7347              0.0392                    0.0484           0.0192           0.26                 
73        0.2130       0.7751            0.5471          0.0046          0.1592          0.0269        0.4402        0.3691         0.7343              0.0358                    0.0527           0.0185           0.26                 
74        0.2222       0.7929            0.5612          0.0046          0.1503          0.0215        0.4460        0.3775         0.7316              0.0334                    0.0408           0.0227           0.26                 
75        0.2168       0.7811            0.5539          0.0046          0.1480          0.0208        0.4444        0.3822         0.7243              0.0315                    0.0400           0.0215           0.26                 
76        0.2191       0.7796            0.5541          0.0046          0.1446          0.0208        0.4479        0.3822         0.7274              0.0342                    0.0423           0.0246           0.26                 
77        0.2184       0.7885            0.5636          0.0046          0.1407          0.0185        0.4460        0.3902         0.7259              0.0331                    0.0400           0.0223           0.26                 
78        0.2153       0.7796            0.5538          0.0046          0.1376          0.0211        0.4468        0.3899         0.7201              0.0331                    0.0415           0.0215           0.26                 
79        0.2172       0.7870            0.5627          0.0046          0.1319          0.0192        0.4514        0.3929         0.7224              0.0300                    0.0377           0.0185           0.26                 
80        0.2211       0.7870            0.5660          0.0038          0.1292          0.0219        0.4533        0.3918         0.7140              0.0292                    0.0342           0.0242           0.26                 
81        0.2168       0.7870            0.5673          0.0046          0.1238          0.0219        0.4571        0.3925         0.7147              0.0246                    0.0334           0.0185           0.26                 
82        0.2195       0.7870            0.5685          0.0050          0.1196          0.0200        0.4629        0.3925         0.7174              0.0288                    0.0350           0.0215           0.26                 
83        0.2230       0.7944            0.5733          0.0038          0.1184          0.0208        0.4598        0.3972         0.7124              0.0265                    0.0250           0.0215           0.26                 
84        0.2211       0.8003            0.5772          0.0031          0.1119          0.0208        0.4637        0.4006         0.7109              0.0211                    0.0242           0.0208           0.26                 
85        0.2176       0.8003            0.5770          0.0031          0.1196          0.0208        0.4591        0.3975         0.7143              0.0235                    0.0350           0.0154           0.26                 
86        0.2176       0.7840            0.5705          0.0031          0.1150          0.0211        0.4587        0.4022         0.7082              0.0223                    0.0288           0.0208           0.26                 
87        0.2203       0.7973            0.5752          0.0027          0.1115          0.0204        0.4621        0.4033         0.7166              0.0165                    0.0238           0.0169           0.26                 
88        0.2180       0.8092            0.5817          0.0019          0.1150          0.0200        0.4617        0.4014         0.7201              0.0165                    0.0296           0.0131           0.26                 
89        0.2195       0.8003            0.5751          0.0023          0.1196          0.0185        0.4567        0.4029         0.7116              0.0211                    0.0300           0.0161           0.26                 
90        0.2191       0.8033            0.5778          0.0027          0.1146          0.0200        0.4637        0.3991         0.7155              0.0219                    0.0311           0.0150           0.26                 
91        0.2180       0.8018            0.5742          0.0023          0.1165          0.0196        0.4583        0.4033         0.7143              0.0200                    0.0292           0.0177           0.26                 
92        0.2203       0.8033            0.5785          0.0027          0.1115          0.0173        0.4598        0.4087         0.7159              0.0196                    0.0261           0.0161           0.26                 
93        0.2168       0.7988            0.5804          0.0027          0.1138          0.0165        0.4583        0.4087         0.7113              0.0142                    0.0273           0.0185           0.26                 
94        0.2207       0.8092            0.5798          0.0015          0.1130          0.0161        0.4617        0.4075         0.7097              0.0150                    0.0242           0.0154           0.26                 
95        0.2207       0.7959            0.5717          0.0035          0.1150          0.0161        0.4579        0.4075         0.7120              0.0181                    0.0250           0.0208           0.26                 
96        0.2199       0.8018            0.5798          0.0035          0.1077          0.0161        0.4614        0.4114         0.7113              0.0185                    0.0215           0.0154           0.26                 
97        0.2207       0.7944            0.5766          0.0035          0.1092          0.0150        0.4641        0.4083         0.7070              0.0165                    0.0208           0.0204           0.26                 
98        0.2211       0.7959            0.5749          0.0038          0.1073          0.0150        0.4629        0.4110         0.7063              0.0169                    0.0227           0.0204           0.26                 
99        0.2230       0.8180            0.5851          0.0038          0.1092          0.0138        0.4637        0.4095         0.7070              0.0088                    0.0177           0.0177           0.26                 
