#num_of_iter: 100
#num_of_exper: 1
#rows: 53
#cols: 53
#p_init_C: 0.5
#p_state_mut: 0.0
#p_strat_mut: 0.0
#p_0_neighb: 0.3
#p_1_neighb: 0.1
#comp_type: tournament
#sharing: False
#allC: 0.2
#allD: 0.2
#kD: 0.2
#kC: 0.2
#kDC: 0.2
#k_values: 0 to 8
#synchronity_prob: 1.0
#optimal_num_of_1s: 676
#playerC_opponentD_payoff: 0.0
#playerC_opponentC_payoff: 1.0
#playerD_opponentD_payoff: 0.1
#playerD_opponentC_payoff: 1.2
#debug:  False


#Experiment: 0

#seed: 1205451906834191397
#iter     f_C          f_C_corr          av_sum          f_allC          f_allD          f_kD          f_kC          f_kDC          f_strat_ch          f_strat_ch_final          f_cr_0s          f_cr_1s          
0         0.4940       0.0178            0.1426          0.2138          0.1922          0.1926        0.2015        0.1999         0.0000              0.0000                    0.0038           0.0012           
1         0.5298       0.0311            0.1478          0.2138          0.1992          0.1849        0.1938        0.2084         0.2199              0.1984                    0.0042           0.0096           
2         0.4783       0.0488            0.1488          0.2038          0.2172          0.1795        0.1861        0.2134         0.2380              0.1499                    0.0150           0.0035           
3         0.4717       0.0636            0.1545          0.1884          0.2468          0.1761        0.1742        0.2145         0.2684              0.1326                    0.0254           0.0046           
4         0.4218       0.0991            0.1689          0.1711          0.2745          0.1742        0.1657        0.2145         0.3418              0.1507                    0.0300           0.0031           
5         0.3925       0.1420            0.1831          0.1492          0.3214          0.1696        0.1569        0.2030         0.3818              0.1461                    0.0431           0.0023           
6         0.3606       0.2056            0.2091          0.1315          0.3483          0.1649        0.1511        0.2042         0.4821              0.1711                    0.0354           0.0004           
7         0.3264       0.2456            0.2191          0.1100          0.3891          0.1580        0.1449        0.1980         0.5490              0.1826                    0.0511           0.0012           
8         0.2876       0.2870            0.2350          0.0838          0.4141          0.1622        0.1338        0.2061         0.6390              0.2111                    0.0684           0.0015           
9         0.2637       0.3491            0.2594          0.0661          0.4579          0.1680        0.1246        0.1834         0.6682              0.1857                    0.0611           0.0000           
10        0.2372       0.3802            0.2725          0.0504          0.4971          0.1580        0.1184        0.1761         0.7393              0.1807                    0.0834           0.0019           
11        0.2199       0.4290            0.2931          0.0423          0.5179          0.1457        0.1184        0.1757         0.7643              0.1730                    0.0869           0.0000           
12        0.2195       0.4556            0.3120          0.0354          0.5240          0.1480        0.1323        0.1603         0.7882              0.1638                    0.0838           0.0035           
13        0.2099       0.4763            0.3191          0.0288          0.5594          0.1369        0.1257        0.1492         0.7997              0.1592                    0.0880           0.0000           
14        0.2061       0.5044            0.3321          0.0246          0.5563          0.1307        0.1307        0.1576         0.8005              0.1480                    0.0730           0.0004           
15        0.2007       0.4867            0.3283          0.0261          0.5686          0.1326        0.1334        0.1392         0.8005              0.1365                    0.0934           0.0004           
16        0.2072       0.5104            0.3376          0.0285          0.5579          0.1384        0.1457        0.1296         0.8047              0.1519                    0.0681           0.0000           
17        0.2026       0.5148            0.3380          0.0277          0.5444          0.1457        0.1453        0.1369         0.8058              0.1346                    0.0811           0.0004           
18        0.1965       0.5148            0.3378          0.0269          0.5471          0.1519        0.1457        0.1284         0.8008              0.1430                    0.0884           0.0000           
19        0.2057       0.5503            0.3623          0.0250          0.5402          0.1642        0.1469        0.1238         0.7993              0.1330                    0.0757           0.0012           
20        0.1899       0.5325            0.3481          0.0235          0.5452          0.1507        0.1465        0.1342         0.7966              0.1292                    0.0965           0.0004           
21        0.1992       0.5385            0.3548          0.0223          0.5186          0.1519        0.1630        0.1442         0.8105              0.1242                    0.0865           0.0004           
22        0.1988       0.5592            0.3748          0.0204          0.5117          0.1388        0.1769        0.1522         0.8001              0.1203                    0.0765           0.0000           
23        0.1926       0.5592            0.3735          0.0173          0.5129          0.1415        0.1772        0.1511         0.8016              0.1146                    0.0807           0.0000           
24        0.1888       0.5592            0.3599          0.0177          0.5063          0.1461        0.1761        0.1538         0.8005              0.1084                    0.0754           0.0000           
25        0.1992       0.5680            0.3753          0.0200          0.4979          0.1480        0.1853        0.1488         0.8035              0.1084                    0.0696           0.0000           
26        0.1907       0.5636            0.3715          0.0173          0.4821          0.1630        0.1845        0.1530         0.7997              0.1077                    0.0796           0.0000           
27        0.1965       0.5754            0.3789          0.0158          0.4591          0.1653        0.1992        0.1607         0.7978              0.1115                    0.0750           0.0000           
28        0.1918       0.5710            0.3846          0.0181          0.4502          0.1630        0.2042        0.1646         0.7889              0.1134                    0.0807           0.0000           
29        0.1972       0.5828            0.3966          0.0169          0.4471          0.1469        0.2130        0.1761         0.7885              0.1077                    0.0777           0.0000           
30        0.1915       0.5680            0.3787          0.0165          0.4564          0.1419        0.2199        0.1653         0.7908              0.1084                    0.0838           0.0000           
31        0.1899       0.5769            0.3843          0.0135          0.4556          0.1419        0.2222        0.1669         0.7862              0.1084                    0.0815           0.0000           
32        0.1930       0.5917            0.4058          0.0135          0.4344          0.1499        0.2291        0.1730         0.7843              0.0961                    0.0804           0.0000           
33        0.1895       0.5917            0.3943          0.0127          0.4410          0.1423        0.2261        0.1780         0.7785              0.0992                    0.0738           0.0000           
34        0.1861       0.5828            0.3950          0.0127          0.4318          0.1323        0.2338        0.1895         0.7782              0.1130                    0.0884           0.0000           
35        0.1972       0.6109            0.4088          0.0135          0.4318          0.1284        0.2414        0.1849         0.7878              0.0980                    0.0677           0.0000           
36        0.1899       0.6036            0.4112          0.0123          0.4091          0.1376        0.2457        0.1953         0.7789              0.0953                    0.0796           0.0000           
37        0.2018       0.6331            0.4282          0.0123          0.4164          0.1219        0.2541        0.1953         0.7778              0.0973                    0.0550           0.0000           
38        0.1915       0.6183            0.4232          0.0104          0.3979          0.1273        0.2622        0.2022         0.7628              0.0969                    0.0765           0.0000           
39        0.2022       0.6598            0.4438          0.0088          0.3856          0.1219        0.2737        0.2099         0.7589              0.0907                    0.0450           0.0000           
40        0.1922       0.6272            0.4281          0.0085          0.3883          0.1061        0.2818        0.2153         0.7593              0.0919                    0.0692           0.0000           
41        0.1976       0.6494            0.4418          0.0096          0.3799          0.1030        0.2922        0.2153         0.7709              0.0992                    0.0550           0.0000           
42        0.1945       0.6361            0.4359          0.0092          0.3695          0.0973        0.3049        0.2191         0.7682              0.1069                    0.0604           0.0000           
43        0.1899       0.6361            0.4420          0.0085          0.3749          0.0819        0.3110        0.2238         0.7643              0.0873                    0.0738           0.0000           
44        0.1915       0.6346            0.4410          0.0073          0.3810          0.0788        0.3156        0.2172         0.7624              0.0919                    0.0746           0.0000           
45        0.1942       0.6494            0.4562          0.0065          0.3818          0.0692        0.3245        0.2180         0.7670              0.0892                    0.0596           0.0000           
46        0.1926       0.6583            0.4547          0.0062          0.3760          0.0642        0.3291        0.2245         0.7620              0.0815                    0.0592           0.0000           
47        0.1984       0.6657            0.4715          0.0062          0.3564          0.0611        0.3406        0.2357         0.7612              0.0815                    0.0638           0.0000           
48        0.1972       0.6686            0.4765          0.0062          0.3410          0.0631        0.3460        0.2438         0.7512              0.0734                    0.0665           0.0000           
49        0.2018       0.6864            0.4832          0.0062          0.3249          0.0657        0.3537        0.2495         0.7505              0.0669                    0.0527           0.0000           
50        0.2026       0.6775            0.4756          0.0062          0.3145          0.0638        0.3641        0.2514         0.7497              0.0646                    0.0465           0.0000           
51        0.2034       0.6938            0.4818          0.0062          0.2933          0.0661        0.3725        0.2618         0.7547              0.0738                    0.0419           0.0000           
52        0.1968       0.6820            0.4829          0.0062          0.2860          0.0638        0.3795        0.2645         0.7451              0.0692                    0.0677           0.0000           
53        0.2018       0.6953            0.4953          0.0058          0.2807          0.0623        0.3910        0.2603         0.7463              0.0627                    0.0561           0.0000           
54        0.2049       0.7071            0.5014          0.0062          0.2807          0.0573        0.3937        0.2622         0.7447              0.0511                    0.0458           0.0000           
55        0.1999       0.6938            0.4936          0.0058          0.2730          0.0550        0.4025        0.2637         0.7447              0.0504                    0.0650           0.0000           
56        0.2007       0.6938            0.4942          0.0058          0.2795          0.0531        0.3998        0.2618         0.7489              0.0534                    0.0527           0.0000           
57        0.2011       0.7041            0.5015          0.0050          0.2730          0.0534        0.4064        0.2622         0.7397              0.0565                    0.0519           0.0000           
58        0.1995       0.7012            0.4975          0.0042          0.2672          0.0531        0.4098        0.2657         0.7451              0.0600                    0.0511           0.0000           
59        0.2015       0.7115            0.5099          0.0042          0.2572          0.0477        0.4198        0.2710         0.7405              0.0677                    0.0492           0.0000           
60        0.1995       0.7086            0.5071          0.0046          0.2464          0.0442        0.4291        0.2757         0.7336              0.0577                    0.0496           0.0000           
61        0.2049       0.7249            0.5189          0.0038          0.2280          0.0431        0.4437        0.2814         0.7436              0.0561                    0.0377           0.0000           
62        0.2026       0.7204            0.5214          0.0038          0.2268          0.0369        0.4587        0.2737         0.7309              0.0484                    0.0461           0.0000           
63        0.2045       0.7293            0.5309          0.0038          0.2157          0.0350        0.4721        0.2734         0.7366              0.0515                    0.0373           0.0000           
64        0.2045       0.7322            0.5344          0.0038          0.2188          0.0296        0.4725        0.2753         0.7132              0.0477                    0.0338           0.0000           
65        0.2049       0.7337            0.5318          0.0038          0.2138          0.0277        0.4802        0.2745         0.7205              0.0519                    0.0377           0.0000           
66        0.2053       0.7441            0.5448          0.0038          0.2003          0.0308        0.4817        0.2834         0.7224              0.0427                    0.0334           0.0000           
67        0.2061       0.7500            0.5533          0.0038          0.1965          0.0285        0.4848        0.2864         0.7151              0.0408                    0.0419           0.0000           
68        0.2065       0.7411            0.5525          0.0038          0.1968          0.0327        0.4956        0.2710         0.7082              0.0507                    0.0369           0.0000           
69        0.2026       0.7337            0.5401          0.0038          0.2034          0.0311        0.4979        0.2637         0.7032              0.0408                    0.0388           0.0000           
70        0.2057       0.7396            0.5430          0.0038          0.2088          0.0288        0.4971        0.2614         0.7159              0.0469                    0.0431           0.0000           
71        0.2072       0.7411            0.5414          0.0038          0.1984          0.0315        0.5002        0.2661         0.7128              0.0431                    0.0311           0.0000           
72        0.2061       0.7382            0.5499          0.0038          0.1880          0.0319        0.5002        0.2760         0.7132              0.0458                    0.0458           0.0000           
73        0.2080       0.7426            0.5541          0.0038          0.1799          0.0331        0.5040        0.2791         0.6978              0.0396                    0.0419           0.0000           
74        0.2103       0.7618            0.5634          0.0038          0.1807          0.0327        0.5098        0.2730         0.7090              0.0381                    0.0315           0.0000           
75        0.2122       0.7559            0.5664          0.0038          0.1722          0.0350        0.5117        0.2772         0.7078              0.0434                    0.0327           0.0000           
76        0.2068       0.7530            0.5654          0.0038          0.1592          0.0381        0.5171        0.2818         0.7036              0.0415                    0.0427           0.0000           
77        0.2099       0.7618            0.5720          0.0038          0.1584          0.0369        0.5225        0.2784         0.7047              0.0392                    0.0288           0.0000           
78        0.2111       0.7766            0.5834          0.0038          0.1522          0.0338        0.5263        0.2837         0.6982              0.0342                    0.0319           0.0000           
79        0.2145       0.7796            0.5901          0.0038          0.1442          0.0342        0.5306        0.2872         0.6970              0.0281                    0.0238           0.0000           
80        0.2111       0.7766            0.5841          0.0038          0.1453          0.0377        0.5306        0.2826         0.6940              0.0296                    0.0300           0.0000           
81        0.2149       0.7678            0.5896          0.0038          0.1353          0.0404        0.5375        0.2830         0.6963              0.0292                    0.0304           0.0000           
82        0.2180       0.7914            0.5969          0.0038          0.1303          0.0458        0.5367        0.2834         0.6870              0.0261                    0.0208           0.0000           
83        0.2138       0.7737            0.5920          0.0038          0.1273          0.0427        0.5375        0.2887         0.6901              0.0277                    0.0311           0.0000           
84        0.2134       0.7751            0.5936          0.0038          0.1296          0.0354        0.5479        0.2834         0.6840              0.0361                    0.0285           0.0000           
85        0.2157       0.7855            0.6034          0.0038          0.1323          0.0311        0.5509        0.2818         0.6817              0.0246                    0.0308           0.0000           
86        0.2134       0.7796            0.6017          0.0038          0.1323          0.0354        0.5506        0.2780         0.6809              0.0238                    0.0300           0.0000           
87        0.2118       0.7737            0.6011          0.0038          0.1319          0.0311        0.5506        0.2826         0.6747              0.0288                    0.0296           0.0000           
88        0.2161       0.7929            0.6087          0.0038          0.1315          0.0292        0.5544        0.2810         0.6759              0.0254                    0.0223           0.0000           
89        0.2157       0.7914            0.6135          0.0038          0.1292          0.0261        0.5556        0.2853         0.6747              0.0204                    0.0300           0.0000           
90        0.2149       0.7781            0.6027          0.0038          0.1315          0.0258        0.5513        0.2876         0.6705              0.0250                    0.0277           0.0000           
91        0.2149       0.7855            0.6077          0.0038          0.1219          0.0261        0.5548        0.2933         0.6690              0.0242                    0.0288           0.0000           
92        0.2165       0.7914            0.6084          0.0038          0.1238          0.0273        0.5536        0.2914         0.6713              0.0158                    0.0181           0.0000           
93        0.2165       0.7973            0.6131          0.0038          0.1180          0.0265        0.5540        0.2976         0.6674              0.0138                    0.0261           0.0000           
94        0.2165       0.7914            0.6124          0.0038          0.1150          0.0273        0.5529        0.3010         0.6624              0.0119                    0.0304           0.0000           
95        0.2176       0.7988            0.6166          0.0038          0.1107          0.0285        0.5556        0.3014         0.6640              0.0131                    0.0185           0.0000           
96        0.2165       0.7914            0.6115          0.0038          0.1150          0.0261        0.5552        0.2999         0.6586              0.0127                    0.0273           0.0000           
97        0.2203       0.8018            0.6198          0.0038          0.1107          0.0296        0.5563        0.2995         0.6651              0.0123                    0.0211           0.0000           
98        0.2188       0.7988            0.6190          0.0038          0.1107          0.0285        0.5567        0.3003         0.6636              0.0158                    0.0181           0.0000           
99        0.2191       0.8018            0.6169          0.0038          0.1088          0.0288        0.5594        0.2991         0.6628              0.0200                    0.0181           0.0000           
