#num_of_iter: 100
#num_of_exper: 1
#rows: 51
#cols: 51
#p_init_C: 0.5
#p_state_mut: 0.0
#p_strat_mut: 0.0
#p_0_neighb: 0.3
#p_1_neighb: 0.3
#comp_type: tournament
#sharing: False
#allC: 0.2
#allD: 0.2
#kD: 0.2
#kC: 0.2
#kDC: 0.2
#k_values: 0 to 8
#synchronity_prob: 1.0
#optimal_num_of_1s: 676
#playerC_opponentD_payoff: 0.0
#playerC_opponentC_payoff: 1.0
#playerD_opponentD_payoff: 0.1
#playerD_opponentC_payoff: 1.2
#debug:  False


#Experiment: 0

#seed: 2557797826341802628
iter      f_0D          f_1D          f_2D          f_3D          f_4D          f_5D          f_6D          f_7D          f_8D          f_0C          f_1C          f_2C          f_3C          f_4C          f_5C          f_6C          f_7C          f_8C          f_0DC          f_1DC          f_2DC          f_3DC          f_4DC          f_5DC          f_6DC          f_7DC          f_8DC          
0         0.0978        0.1033        0.1347        0.1125        0.1089        0.1218        0.1199        0.0904        0.1107        0.1015        0.1245        0.1149        0.1130        0.0996        0.1188        0.1034        0.1073        0.1169        0.1116         0.0933         0.1095         0.1379         0.1034         0.1075         0.0994         0.1258         0.1116         
1         0.0937        0.1109        0.1300        0.1185        0.1109        0.1281        0.1185        0.0746        0.1147        0.1044        0.1309        0.1233        0.1120        0.0968        0.1252        0.0987        0.1025        0.1063        0.1183         0.0848         0.1203         0.1341         0.0947         0.1124         0.1085         0.1223         0.1045         
2         0.1090        0.1281        0.1625        0.1338        0.0860        0.0918        0.0765        0.0631        0.1491        0.1376        0.1512        0.1298        0.1143        0.0717        0.1163        0.1027        0.1008        0.0756        0.0875         0.0684         0.1046         0.1312         0.0722         0.1369         0.1464         0.1540         0.0989         
3         0.1556        0.1696        0.1731        0.1259        0.1066        0.0612        0.0542        0.0577        0.0962        0.1826        0.1847        0.1401        0.0892        0.0786        0.0977        0.0934        0.0807        0.0531        0.0809         0.0552         0.0966         0.1065         0.0789         0.1460         0.1598         0.1578         0.1183         
4         0.1965        0.1755        0.1546        0.1337        0.1304        0.0564        0.0403        0.0258        0.0870        0.2188        0.1969        0.1379        0.0875        0.0656        0.0985        0.0678        0.0832        0.0438        0.0613         0.0389         0.0879         0.1022         0.0675         0.1677         0.1820         0.1738         0.1186         
5         0.2152        0.1703        0.1455        0.1687        0.1424        0.0495        0.0217        0.0155        0.0712        0.2867        0.2980        0.0903        0.0632        0.0451        0.0519        0.0429        0.0722        0.0497        0.0500         0.0333         0.0583         0.0875         0.0646         0.1938         0.1729         0.2000         0.1396         
6         0.2430        0.1873        0.1362        0.1672        0.1563        0.0449        0.0170        0.0046        0.0433        0.3333        0.3171        0.0625        0.0486        0.0301        0.0440        0.0394        0.0648        0.0602        0.0436         0.0229         0.0596         0.0803         0.0482         0.1560         0.1766         0.2133         0.1995         
7         0.2689        0.1836        0.1111        0.2045        0.1498        0.0242        0.0097        0.0000        0.0483        0.4381        0.3119        0.0545        0.0396        0.0272        0.0322        0.0272        0.0495        0.0198        0.0259         0.0194         0.0475         0.0626         0.0454         0.1425         0.1857         0.2721         0.1987         
8         0.2550        0.1850        0.1100        0.2300        0.1567        0.0100        0.0083        0.0000        0.0450        0.5401        0.2739        0.0698        0.0129        0.0155        0.0284        0.0258        0.0258        0.0078        0.0236         0.0213         0.0331         0.0520         0.0355         0.1300         0.2033         0.3215         0.1797         
9         0.2309        0.2149        0.0782        0.2718        0.1563        0.0089        0.0036        0.0000        0.0355        0.6146        0.2399        0.0485        0.0054        0.0054        0.0270        0.0270        0.0243        0.0081        0.0178         0.0178         0.0305         0.0355         0.0406         0.1396         0.1574         0.3756         0.1853         
10        0.2504        0.2076        0.0807        0.2801        0.1384        0.0115        0.0000        0.0000        0.0313        0.7278        0.1605        0.0287        0.0029        0.0057        0.0258        0.0287        0.0115        0.0086        0.0214         0.0134         0.0267         0.0214         0.0348         0.1257         0.1471         0.3770         0.2326         
11        0.2611        0.2149        0.0817        0.2575        0.1563        0.0036        0.0000        0.0000        0.0249        0.7644        0.1370        0.0301        0.0082        0.0000        0.0192        0.0356        0.0000        0.0055        0.0203         0.0145         0.0261         0.0203         0.0174         0.1333         0.1333         0.4609         0.1739         
12        0.2605        0.1820        0.0805        0.2950        0.1398        0.0077        0.0000        0.0000        0.0345        0.7673        0.1535        0.0128        0.0179        0.0000        0.0153        0.0281        0.0000        0.0051        0.0092         0.0061         0.0399         0.0092         0.0000         0.1135         0.1104         0.5521         0.1595         
13        0.2650        0.1954        0.0774        0.3017        0.1257        0.0000        0.0000        0.0000        0.0348        0.8101        0.1316        0.0101        0.0076        0.0000        0.0127        0.0228        0.0000        0.0051        0.0160         0.0000         0.0319         0.0064         0.0000         0.0895         0.0575         0.6006         0.1981         
14        0.2729        0.1927        0.1069        0.3092        0.0840        0.0000        0.0000        0.0000        0.0344        0.8260        0.1325        0.0026        0.0078        0.0000        0.0078        0.0182        0.0000        0.0052        0.0178         0.0000         0.0267         0.0059         0.0000         0.0801         0.0593         0.5875         0.2226         
15        0.2979        0.1934        0.1141        0.2843        0.0735        0.0000        0.0000        0.0000        0.0368        0.8395        0.1237        0.0026        0.0026        0.0000        0.0053        0.0211        0.0000        0.0053        0.0168         0.0000         0.0279         0.0056         0.0000         0.0726         0.0559         0.6592         0.1620         
16        0.2706        0.2156        0.1311        0.2579        0.0803        0.0000        0.0000        0.0000        0.0444        0.8521        0.1174        0.0023        0.0000        0.0000        0.0047        0.0188        0.0000        0.0047        0.0175         0.0000         0.0205         0.0058         0.0000         0.0556         0.0380         0.7398         0.1228         
17        0.2568        0.2364        0.1386        0.2409        0.0864        0.0000        0.0000        0.0000        0.0409        0.8840        0.0919        0.0044        0.0000        0.0000        0.0044        0.0131        0.0000        0.0022        0.0144         0.0000         0.0201         0.0029         0.0000         0.0718         0.0230         0.7644         0.1034         
18        0.2381        0.2744        0.1043        0.2200        0.1247        0.0000        0.0000        0.0000        0.0385        0.8694        0.1053        0.0000        0.0000        0.0000        0.0097        0.0117        0.0000        0.0039        0.0106         0.0000         0.0186         0.0053         0.0000         0.0557         0.0265         0.7560         0.1273         
19        0.2283        0.2804        0.0794        0.2233        0.1439        0.0000        0.0000        0.0000        0.0447        0.8865        0.0885        0.0000        0.0000        0.0000        0.0115        0.0096        0.0000        0.0038        0.0098         0.0000         0.0171         0.0049         0.0000         0.0561         0.0244         0.7854         0.1024         
20        0.2074        0.2741        0.0716        0.2444        0.1605        0.0000        0.0000        0.0000        0.0420        0.8936        0.0862        0.0000        0.0000        0.0000        0.0055        0.0110        0.0000        0.0037        0.0092         0.0000         0.0161         0.0046         0.0000         0.0573         0.0229         0.7683         0.1216         
21        0.1961        0.2917        0.0368        0.2402        0.1936        0.0000        0.0000        0.0000        0.0417        0.9152        0.0601        0.0000        0.0000        0.0000        0.0088        0.0124        0.0000        0.0035        0.0092         0.0000         0.0160         0.0046         0.0000         0.0526         0.0252         0.8078         0.0847         
22        0.1760        0.2730        0.0306        0.2704        0.2015        0.0000        0.0000        0.0000        0.0485        0.9227        0.0504        0.0000        0.0000        0.0000        0.0134        0.0101        0.0000        0.0034        0.0116         0.0000         0.0162         0.0046         0.0000         0.0534         0.0232         0.8469         0.0441         
23        0.1603        0.2646        0.0458        0.2697        0.2188        0.0000        0.0000        0.0000        0.0407        0.9341        0.0422        0.0000        0.0000        0.0000        0.0101        0.0101        0.0000        0.0034        0.0090         0.0000         0.0158         0.0045         0.0000         0.0384         0.0271         0.8533         0.0519         
24        0.1250        0.3000        0.0528        0.3222        0.1611        0.0000        0.0000        0.0000        0.0389        0.9317        0.0467        0.0000        0.0000        0.0000        0.0083        0.0100        0.0000        0.0033        0.0086         0.0000         0.0150         0.0043         0.0000         0.0300         0.0278         0.8266         0.0878         
25        0.1250        0.3071        0.0299        0.2908        0.1929        0.0000        0.0000        0.0000        0.0543        0.9342        0.0461        0.0000        0.0000        0.0000        0.0082        0.0082        0.0000        0.0033        0.0082         0.0000         0.0144         0.0041         0.0000         0.0185         0.0287         0.8296         0.0965         
26        0.0928        0.3183        0.0239        0.3236        0.1883        0.0000        0.0000        0.0000        0.0531        0.9318        0.0496        0.0000        0.0000        0.0000        0.0062        0.0093        0.0000        0.0031        0.0081         0.0000         0.0141         0.0040         0.0000         0.0202         0.0303         0.8465         0.0768         
27        0.0782        0.3181        0.0377        0.3342        0.1779        0.0000        0.0000        0.0000        0.0539        0.9216        0.0603        0.0000        0.0000        0.0000        0.0060        0.0090        0.0000        0.0030        0.0078         0.0000         0.0175         0.0019         0.0000         0.0194         0.0214         0.8524         0.0796         
28        0.0831        0.3353        0.0208        0.2671        0.2344        0.0000        0.0000        0.0000        0.0593        0.9343        0.0537        0.0000        0.0000        0.0000        0.0060        0.0030        0.0000        0.0030        0.0037         0.0000         0.0166         0.0000         0.0000         0.0203         0.0277         0.8688         0.0628         
29        0.1051        0.2955        0.0114        0.2585        0.2670        0.0000        0.0000        0.0000        0.0625        0.9264        0.0606        0.0000        0.0000        0.0000        0.0072        0.0029        0.0000        0.0029        0.0072         0.0000         0.0162         0.0000         0.0000         0.0198         0.0234         0.8865         0.0468         
30        0.1276        0.3353        0.0148        0.2255        0.2433        0.0000        0.0000        0.0000        0.0534        0.9349        0.0495        0.0000        0.0000        0.0000        0.0057        0.0085        0.0000        0.0014        0.0066         0.0000         0.0116         0.0000         0.0000         0.0199         0.0182         0.9022         0.0415         
31        0.0988        0.3802        0.0060        0.2275        0.2365        0.0000        0.0000        0.0000        0.0509        0.9360        0.0501        0.0000        0.0000        0.0000        0.0042        0.0070        0.0000        0.0028        0.0065         0.0000         0.0114         0.0000         0.0000         0.0195         0.0179         0.8925         0.0521         
32        0.0942        0.3182        0.0032        0.2825        0.2468        0.0000        0.0000        0.0000        0.0552        0.9356        0.0497        0.0000        0.0000        0.0000        0.0054        0.0067        0.0000        0.0027        0.0064         0.0000         0.0112         0.0000         0.0000         0.0144         0.0175         0.9027         0.0478         
33        0.1037        0.3579        0.0000        0.2107        0.2709        0.0000        0.0000        0.0000        0.0569        0.9398        0.0435        0.0000        0.0000        0.0000        0.0077        0.0064        0.0000        0.0026        0.0062         0.0000         0.0108         0.0000         0.0000         0.0155         0.0186         0.8963         0.0526         
34        0.0882        0.3824        0.0000        0.1601        0.3137        0.0000        0.0000        0.0000        0.0556        0.9527        0.0319        0.0000        0.0000        0.0000        0.0077        0.0064        0.0000        0.0013        0.0106         0.0000         0.0106         0.0000         0.0000         0.0121         0.0182         0.8907         0.0577         
35        0.0764        0.4186        0.0000        0.1229        0.3156        0.0000        0.0000        0.0000        0.0664        0.9534        0.0327        0.0000        0.0000        0.0000        0.0076        0.0038        0.0000        0.0025        0.0089         0.0000         0.0104         0.0000         0.0000         0.0119         0.0163         0.9006         0.0519         
36        0.0588        0.4559        0.0000        0.1103        0.3051        0.0000        0.0000        0.0000        0.0699        0.9527        0.0327        0.0000        0.0000        0.0000        0.0097        0.0024        0.0000        0.0024        0.0142         0.0000         0.0100         0.0000         0.0000         0.0171         0.0156         0.8990         0.0441         
37        0.0536        0.4929        0.0000        0.0714        0.3250        0.0000        0.0000        0.0000        0.0571        0.9467        0.0387        0.0000        0.0000        0.0000        0.0048        0.0073        0.0000        0.0024        0.0087         0.0000         0.0101         0.0000         0.0000         0.0188         0.0145         0.9058         0.0420         
38        0.0573        0.5153        0.0000        0.0458        0.3168        0.0000        0.0000        0.0000        0.0649        0.9379        0.0468        0.0000        0.0000        0.0000        0.0070        0.0059        0.0000        0.0023        0.0029         0.0000         0.0101         0.0000         0.0000         0.0216         0.0101         0.9237         0.0317         
39        0.0483        0.5613        0.0000        0.0372        0.2900        0.0000        0.0000        0.0000        0.0632        0.9406        0.0426        0.0000        0.0000        0.0000        0.0090        0.0056        0.0000        0.0022        0.0000         0.0000         0.0101         0.0000         0.0000         0.0187         0.0129         0.9324         0.0259         
40        0.0536        0.5321        0.0000        0.0393        0.3036        0.0000        0.0000        0.0000        0.0714        0.9428        0.0435        0.0000        0.0000        0.0000        0.0080        0.0034        0.0000        0.0023        0.0000         0.0000         0.0098         0.0000         0.0000         0.0182         0.0098         0.9341         0.0281         
41        0.0534        0.5191        0.0000        0.0496        0.3130        0.0000        0.0000        0.0000        0.0649        0.9430        0.0427        0.0000        0.0000        0.0000        0.0055        0.0066        0.0000        0.0022        0.0000         0.0000         0.0096         0.0000         0.0000         0.0179         0.0069         0.9381         0.0275         
42        0.0462        0.5192        0.0000        0.0462        0.3154        0.0000        0.0000        0.0000        0.0731        0.9443        0.0439        0.0000        0.0000        0.0000        0.0064        0.0032        0.0000        0.0021        0.0000         0.0000         0.0095         0.0000         0.0000         0.0177         0.0054         0.9482         0.0191         
43        0.0391        0.5469        0.0000        0.0391        0.3008        0.0000        0.0000        0.0000        0.0742        0.9416        0.0414        0.0000        0.0000        0.0000        0.0085        0.0053        0.0000        0.0032        0.0000         0.0000         0.0107         0.0000         0.0000         0.0160         0.0067         0.9401         0.0266         
44        0.0494        0.5267        0.0000        0.0453        0.3045        0.0000        0.0000        0.0000        0.0741        0.9487        0.0364        0.0000        0.0000        0.0000        0.0075        0.0053        0.0000        0.0021        0.0000         0.0000         0.0093         0.0000         0.0000         0.0160         0.0067         0.9454         0.0226         
45        0.0596        0.4936        0.0000        0.0723        0.2979        0.0000        0.0000        0.0000        0.0766        0.9372        0.0481        0.0000        0.0000        0.0000        0.0052        0.0052        0.0000        0.0042        0.0000         0.0000         0.0093         0.0000         0.0000         0.0212         0.0053         0.9470         0.0172         
46        0.0509        0.5324        0.0000        0.0370        0.3009        0.0000        0.0000        0.0000        0.0787        0.9376        0.0458        0.0000        0.0000        0.0000        0.0042        0.0104        0.0000        0.0021        0.0000         0.0000         0.0091         0.0000         0.0000         0.0208         0.0065         0.9494         0.0143         
47        0.0443        0.5271        0.0000        0.0394        0.2906        0.0000        0.0000        0.0000        0.0985        0.9374        0.0494        0.0000        0.0000        0.0000        0.0061        0.0030        0.0000        0.0040        0.0000         0.0000         0.0104         0.0000         0.0000         0.0233         0.0052         0.9468         0.0143         
48        0.0495        0.5099        0.0000        0.0446        0.3168        0.0000        0.0000        0.0000        0.0792        0.9406        0.0463        0.0000        0.0000        0.0000        0.0060        0.0060        0.0000        0.0010        0.0000         0.0000         0.0115         0.0000         0.0000         0.0255         0.0064         0.9426         0.0140         
49        0.0667        0.5333        0.0000        0.0444        0.2722        0.0000        0.0000        0.0000        0.0833        0.9386        0.0487        0.0000        0.0000        0.0000        0.0058        0.0058        0.0000        0.0010        0.0000         0.0000         0.0123         0.0000         0.0000         0.0245         0.0074         0.9485         0.0074         
50        0.0592        0.5621        0.0000        0.0533        0.2367        0.0000        0.0000        0.0000        0.0888        0.9312        0.0533        0.0000        0.0000        0.0000        0.0078        0.0058        0.0000        0.0019        0.0000         0.0000         0.0171         0.0000         0.0000         0.0231         0.0110         0.9354         0.0134         
51        0.0741        0.6049        0.0000        0.0679        0.1543        0.0000        0.0000        0.0000        0.0988        0.9261        0.0607        0.0000        0.0000        0.0000        0.0076        0.0047        0.0000        0.0009        0.0000         0.0000         0.0159         0.0000         0.0000         0.0208         0.0098         0.9412         0.0122         
52        0.0833        0.6667        0.0000        0.0556        0.1111        0.0000        0.0000        0.0000        0.0833        0.9229        0.0639        0.0000        0.0000        0.0000        0.0075        0.0047        0.0000        0.0009        0.0000         0.0000         0.0119         0.0000         0.0000         0.0203         0.0167         0.9427         0.0084         
53        0.0552        0.7423        0.0000        0.0613        0.0736        0.0000        0.0000        0.0000        0.0675        0.9138        0.0706        0.0000        0.0000        0.0000        0.0064        0.0037        0.0000        0.0055        0.0000         0.0000         0.0097         0.0000         0.0000         0.0181         0.0181         0.9420         0.0121         
54        0.0738        0.6644        0.0000        0.0671        0.1342        0.0000        0.0000        0.0000        0.0604        0.9286        0.0612        0.0000        0.0000        0.0000        0.0019        0.0056        0.0000        0.0028        0.0000         0.0000         0.0106         0.0000         0.0000         0.0200         0.0129         0.9459         0.0106         
55        0.0593        0.6370        0.0000        0.0593        0.1704        0.0000        0.0000        0.0000        0.0741        0.9293        0.0625        0.0000        0.0000        0.0000        0.0018        0.0027        0.0000        0.0036        0.0000         0.0000         0.0106         0.0000         0.0000         0.0200         0.0141         0.9519         0.0035         
56        0.0522        0.6174        0.0000        0.0870        0.1739        0.0000        0.0000        0.0000        0.0696        0.9272        0.0647        0.0000        0.0000        0.0000        0.0018        0.0054        0.0000        0.0009        0.0000         0.0000         0.0104         0.0000         0.0000         0.0185         0.0139         0.9549         0.0023         
57        0.0755        0.6038        0.0000        0.0849        0.1698        0.0000        0.0000        0.0000        0.0660        0.9357        0.0536        0.0000        0.0000        0.0000        0.0045        0.0045        0.0000        0.0018        0.0000         0.0000         0.0103         0.0000         0.0000         0.0183         0.0171         0.9520         0.0023         
58        0.0789        0.5614        0.0000        0.0702        0.2193        0.0000        0.0000        0.0000        0.0702        0.9447        0.0453        0.0000        0.0000        0.0000        0.0036        0.0045        0.0000        0.0018        0.0000         0.0000         0.0102         0.0000         0.0000         0.0170         0.0170         0.9557         0.0000         
59        0.0982        0.5714        0.0000        0.0804        0.1964        0.0000        0.0000        0.0000        0.0536        0.9450        0.0450        0.0000        0.0000        0.0000        0.0054        0.0036        0.0000        0.0009        0.0000         0.0000         0.0091         0.0000         0.0000         0.0204         0.0170         0.9535         0.0000         
60        0.1048        0.5810        0.0000        0.0667        0.2000        0.0000        0.0000        0.0000        0.0476        0.9466        0.0380        0.0000        0.0000        0.0000        0.0045        0.0054        0.0000        0.0054        0.0000         0.0000         0.0067         0.0000         0.0000         0.0222         0.0166         0.9545         0.0000         
61        0.1188        0.5743        0.0000        0.0396        0.2079        0.0000        0.0000        0.0000        0.0594        0.9424        0.0405        0.0000        0.0000        0.0000        0.0054        0.0063        0.0000        0.0054        0.0000         0.0000         0.0066         0.0000         0.0000         0.0207         0.0186         0.9541         0.0000         
62        0.0825        0.5258        0.0000        0.0515        0.2784        0.0000        0.0000        0.0000        0.0619        0.9510        0.0357        0.0000        0.0000        0.0000        0.0053        0.0036        0.0000        0.0045        0.0000         0.0000         0.0055         0.0000         0.0000         0.0198         0.0231         0.9516         0.0000         
63        0.0826        0.5229        0.0000        0.0459        0.2936        0.0000        0.0000        0.0000        0.0550        0.9532        0.0324        0.0000        0.0000        0.0000        0.0063        0.0027        0.0000        0.0054        0.0000         0.0000         0.0054         0.0000         0.0000         0.0196         0.0240         0.9510         0.0000         
64        0.0957        0.5851        0.0000        0.0319        0.2234        0.0000        0.0000        0.0000        0.0638        0.9556        0.0311        0.0000        0.0000        0.0000        0.0071        0.0027        0.0000        0.0036        0.0000         0.0000         0.0054         0.0000         0.0000         0.0205         0.0248         0.9492         0.0000         
65        0.0526        0.6421        0.0000        0.0421        0.2000        0.0000        0.0000        0.0000        0.0632        0.9594        0.0282        0.0000        0.0000        0.0000        0.0071        0.0018        0.0000        0.0035        0.0000         0.0000         0.0054         0.0000         0.0000         0.0195         0.0249         0.9502         0.0000         
66        0.0581        0.5930        0.0000        0.0581        0.2209        0.0000        0.0000        0.0000        0.0698        0.9604        0.0246        0.0000        0.0000        0.0000        0.0070        0.0026        0.0000        0.0053        0.0000         0.0000         0.0053         0.0000         0.0000         0.0211         0.0243         0.9493         0.0000         
67        0.0595        0.6786        0.0000        0.0357        0.1548        0.0000        0.0000        0.0000        0.0714        0.9680        0.0196        0.0000        0.0000        0.0000        0.0071        0.0027        0.0000        0.0027        0.0000         0.0000         0.0053         0.0000         0.0000         0.0212         0.0265         0.9470         0.0000         
68        0.0581        0.6512        0.0000        0.0581        0.1628        0.0000        0.0000        0.0000        0.0698        0.9637        0.0248        0.0000        0.0000        0.0000        0.0062        0.0027        0.0000        0.0027        0.0000         0.0000         0.0054         0.0000         0.0000         0.0195         0.0227         0.9524         0.0000         
69        0.0581        0.6860        0.0000        0.0581        0.1279        0.0000        0.0000        0.0000        0.0698        0.9649        0.0246        0.0000        0.0000        0.0000        0.0044        0.0053        0.0000        0.0009        0.0000         0.0000         0.0054         0.0000         0.0000         0.0161         0.0226         0.9559         0.0000         
70        0.0538        0.6559        0.0000        0.0538        0.1720        0.0000        0.0000        0.0000        0.0645        0.9649        0.0245        0.0000        0.0000        0.0000        0.0035        0.0053        0.0000        0.0018        0.0000         0.0000         0.0053         0.0000         0.0000         0.0170         0.0277         0.9500         0.0000         
71        0.0641        0.6410        0.0000        0.0641        0.1538        0.0000        0.0000        0.0000        0.0769        0.9638        0.0283        0.0000        0.0000        0.0000        0.0035        0.0035        0.0000        0.0009        0.0000         0.0000         0.0053         0.0000         0.0000         0.0127         0.0307         0.9513         0.0000         
72        0.0649        0.5325        0.0000        0.0649        0.2597        0.0000        0.0000        0.0000        0.0779        0.9600        0.0295        0.0000        0.0000        0.0000        0.0035        0.0052        0.0000        0.0017        0.0000         0.0000         0.0052         0.0000         0.0000         0.0105         0.0346         0.9496         0.0000         
73        0.0714        0.5857        0.0000        0.0714        0.2143        0.0000        0.0000        0.0000        0.0571        0.9607        0.0262        0.0000        0.0000        0.0000        0.0061        0.0052        0.0000        0.0017        0.0000         0.0000         0.0052         0.0000         0.0000         0.0073         0.0344         0.9531         0.0000         
74        0.0893        0.5893        0.0000        0.0893        0.1607        0.0000        0.0000        0.0000        0.0714        0.9552        0.0302        0.0000        0.0000        0.0000        0.0095        0.0043        0.0000        0.0009        0.0000         0.0000         0.0051         0.0000         0.0000         0.0051         0.0326         0.9572         0.0000         
75        0.0926        0.6667        0.0000        0.0556        0.1111        0.0000        0.0000        0.0000        0.0741        0.9567        0.0268        0.0000        0.0000        0.0000        0.0112        0.0043        0.0000        0.0009        0.0000         0.0000         0.0050         0.0000         0.0000         0.0070         0.0322         0.9557         0.0000         
76        0.0926        0.6667        0.0000        0.0926        0.0741        0.0000        0.0000        0.0000        0.0741        0.9554        0.0258        0.0000        0.0000        0.0000        0.0120        0.0052        0.0000        0.0017        0.0000         0.0000         0.0050         0.0000         0.0000         0.0070         0.0322         0.9557         0.0000         
77        0.1042        0.7083        0.0000        0.0833        0.0208        0.0000        0.0000        0.0000        0.0833        0.9621        0.0241        0.0000        0.0000        0.0000        0.0095        0.0026        0.0000        0.0017        0.0000         0.0000         0.0049         0.0000         0.0000         0.0089         0.0315         0.9547         0.0000         
78        0.0909        0.7636        0.0000        0.0727        0.0000        0.0000        0.0000        0.0000        0.0727        0.9673        0.0198        0.0000        0.0000        0.0000        0.0069        0.0052        0.0000        0.0009        0.0000         0.0000         0.0059         0.0000         0.0000         0.0079         0.0316         0.9546         0.0000         
79        0.1000        0.7600        0.0000        0.0600        0.0000        0.0000        0.0000        0.0000        0.0800        0.9668        0.0170        0.0000        0.0000        0.0000        0.0094        0.0051        0.0000        0.0017        0.0000         0.0000         0.0059         0.0000         0.0000         0.0049         0.0313         0.9579         0.0000         
80        0.0877        0.7544        0.0000        0.0877        0.0000        0.0000        0.0000        0.0000        0.0702        0.9669        0.0187        0.0000        0.0000        0.0000        0.0076        0.0051        0.0000        0.0017        0.0000         0.0000         0.0049         0.0000         0.0000         0.0049         0.0314         0.9588         0.0000         
81        0.0877        0.7368        0.0000        0.1053        0.0000        0.0000        0.0000        0.0000        0.0702        0.9722        0.0143        0.0000        0.0000        0.0000        0.0093        0.0034        0.0000        0.0008        0.0000         0.0000         0.0039         0.0000         0.0000         0.0059         0.0313         0.9589         0.0000         
82        0.0962        0.7692        0.0000        0.0577        0.0000        0.0000        0.0000        0.0000        0.0769        0.9684        0.0174        0.0000        0.0000        0.0000        0.0091        0.0050        0.0000        0.0000        0.0000         0.0000         0.0059         0.0000         0.0000         0.0069         0.0313         0.9559         0.0000         
83        0.0926        0.7407        0.0000        0.0926        0.0000        0.0000        0.0000        0.0000        0.0741        0.9716        0.0167        0.0000        0.0000        0.0000        0.0084        0.0033        0.0000        0.0000        0.0000         0.0000         0.0048         0.0000         0.0000         0.0077         0.0329         0.9545         0.0000         
84        0.0926        0.7222        0.0000        0.1111        0.0000        0.0000        0.0000        0.0000        0.0741        0.9718        0.0149        0.0000        0.0000        0.0000        0.0083        0.0050        0.0000        0.0000        0.0000         0.0000         0.0077         0.0000         0.0000         0.0106         0.0326         0.9491         0.0000         
85        0.0926        0.7037        0.0000        0.1296        0.0000        0.0000        0.0000        0.0000        0.0741        0.9749        0.0151        0.0000        0.0000        0.0000        0.0084        0.0017        0.0000        0.0000        0.0000         0.0000         0.0058         0.0000         0.0000         0.0077         0.0319         0.9545         0.0000         
86        0.0909        0.7455        0.0000        0.0909        0.0000        0.0000        0.0000        0.0000        0.0727        0.9782        0.0142        0.0000        0.0000        0.0000        0.0067        0.0008        0.0000        0.0000        0.0000         0.0000         0.0115         0.0000         0.0000         0.0057         0.0335         0.9493         0.0000         
87        0.0943        0.7547        0.0000        0.0755        0.0000        0.0000        0.0000        0.0000        0.0755        0.9750        0.0175        0.0000        0.0000        0.0000        0.0067        0.0008        0.0000        0.0000        0.0000         0.0000         0.0105         0.0000         0.0000         0.0057         0.0315         0.9523         0.0000         
88        0.0962        0.7885        0.0000        0.0385        0.0000        0.0000        0.0000        0.0000        0.0769        0.9792        0.0150        0.0000        0.0000        0.0000        0.0050        0.0008        0.0000        0.0000        0.0000         0.0000         0.0096         0.0000         0.0000         0.0038         0.0316         0.9550         0.0000         
89        0.1042        0.7708        0.0000        0.0417        0.0000        0.0000        0.0000        0.0000        0.0833        0.9790        0.0126        0.0000        0.0000        0.0000        0.0051        0.0034        0.0000        0.0000        0.0000         0.0000         0.0057         0.0000         0.0000         0.0048         0.0334         0.9561         0.0000         
90        0.0962        0.7885        0.0000        0.0385        0.0000        0.0000        0.0000        0.0000        0.0769        0.9751        0.0141        0.0000        0.0000        0.0000        0.0083        0.0025        0.0000        0.0000        0.0000         0.0000         0.0067         0.0000         0.0000         0.0058         0.0337         0.9538         0.0000         
91        0.0980        0.7843        0.0000        0.0392        0.0000        0.0000        0.0000        0.0000        0.0784        0.9773        0.0134        0.0000        0.0000        0.0000        0.0067        0.0025        0.0000        0.0000        0.0000         0.0000         0.0067         0.0000         0.0000         0.0038         0.0324         0.9571         0.0000         
92        0.1111        0.7556        0.0000        0.0444        0.0000        0.0000        0.0000        0.0000        0.0889        0.9749        0.0134        0.0000        0.0000        0.0000        0.0084        0.0033        0.0000        0.0000        0.0000         0.0000         0.0056         0.0000         0.0000         0.0028         0.0310         0.9605         0.0000         
93        0.1163        0.7442        0.0000        0.0465        0.0000        0.0000        0.0000        0.0000        0.0930        0.9782        0.0126        0.0000        0.0000        0.0000        0.0067        0.0025        0.0000        0.0000        0.0000         0.0000         0.0066         0.0000         0.0000         0.0028         0.0329         0.9577         0.0000         
94        0.1190        0.7381        0.0000        0.0476        0.0000        0.0000        0.0000        0.0000        0.0952        0.9759        0.0117        0.0000        0.0000        0.0000        0.0100        0.0025        0.0000        0.0000        0.0000         0.0000         0.0066         0.0000         0.0000         0.0047         0.0302         0.9585         0.0000         
95        0.1190        0.7381        0.0000        0.0476        0.0000        0.0000        0.0000        0.0000        0.0952        0.9757        0.0126        0.0000        0.0000        0.0000        0.0067        0.0050        0.0000        0.0000        0.0000         0.0000         0.0038         0.0000         0.0000         0.0066         0.0302         0.9594         0.0000         
96        0.1190        0.7381        0.0000        0.0476        0.0000        0.0000        0.0000        0.0000        0.0952        0.9767        0.0117        0.0000        0.0000        0.0000        0.0075        0.0042        0.0000        0.0000        0.0000         0.0000         0.0047         0.0000         0.0000         0.0103         0.0290         0.9561         0.0000         
97        0.1282        0.7179        0.0000        0.0513        0.0000        0.0000        0.0000        0.0000        0.1026        0.9768        0.0099        0.0000        0.0000        0.0000        0.0091        0.0041        0.0000        0.0000        0.0000         0.0000         0.0047         0.0000         0.0000         0.0113         0.0292         0.9548         0.0000         
98        0.1282        0.7179        0.0000        0.0513        0.0000        0.0000        0.0000        0.0000        0.1026        0.9784        0.0100        0.0000        0.0000        0.0000        0.0075        0.0042        0.0000        0.0000        0.0000         0.0000         0.0047         0.0000         0.0000         0.0131         0.0271         0.9551         0.0000         
99        0.1389        0.6944        0.0000        0.0556        0.0000        0.0000        0.0000        0.0000        0.1111        0.9776        0.0108        0.0000        0.0000        0.0000        0.0075        0.0041        0.0000        0.0000        0.0000         0.0000         0.0047         0.0000         0.0000         0.0122         0.0282         0.9549         0.0000         
